"Date","Open","Hight","Low","Close","Volume"
"2007-01-03",24.71,25.01,23.19,24.05,28902072
"2007-01-04",23.97,24.05,23.35,23.94,19986450
"2007-01-05",23.37,23.47,22.28,22.44,31091625
"2007-01-08",22.52,23.04,22.13,22.61,16432638
"2007-01-09",22.64,22.79,22.14,22.17,19107014
"2007-01-10",21.93,23.47,21.6,23.26,27723894
"2007-01-11",23.26,23.44,22.79,23.17,23114372
"2007-01-12",22.83,23.58,22.72,23.49,17454788
"2007-01-16",23.67,23.68,23.26,23.53,17806011
"2007-01-17",23.2,23.34,22.95,23.03,17716470
"2007-01-18",22.83,22.83,20.84,21.13,37545242
"2007-01-19",20.9,21.69,20.75,21.25,23565189
"2007-01-22",21.45,21.8,21.17,21.25,18269846
"2007-01-23",21.15,21.6,20.76,21.26,15766246
"2007-01-24",21.53,22.21,21.43,21.92,17143587
"2007-01-25",22.12,22.2,21.05,21.15,15420710
"2007-01-26",21.33,21.54,20.6,20.98,20739592
"2007-01-29",20.88,20.9,19.94,20.12,31459059
"2007-01-30",20.25,20.64,20.07,20.51,15923920
"2007-01-31",20.41,20.63,20.15,20.43,11699601
"2007-02-01",20.24,20.8,20.2,20.69,16278567
"2007-02-02",20.81,21.33,20.63,21.23,14664742
"2007-02-05",21.33,21.76,21.3,21.58,14499134
"2007-02-06",22.07,22.63,21.74,22.35,19390296
"2007-02-07",22.53,23.27,22.39,23.22,19029495
"2007-02-08",22.87,23.25,22.67,22.92,18157866
"2007-02-09",23.03,23.23,21.68,21.77,23453326
"2007-02-12",21.93,22.72,21.69,22.25,19736302
"2007-02-13",22.61,22.85,22.38,22.67,22572602
"2007-02-14",22.87,23,22.31,22.37,27055098
"2007-02-15",22.35,22.61,22.14,22.5,12219753
"2007-02-16",22.41,22.43,21.75,21.81,22877727
"2007-02-20",21.85,22.13,21.69,22.01,15647762
"2007-02-21",21.83,22.06,21.46,21.68,16384454
"2007-02-22",22.02,22.37,21.77,21.82,16392262
"2007-02-23",22.03,22.04,21.76,21.77,10092040
"2007-02-26",21.83,21.99,21.4,21.43,12362294
"2007-02-27",21.2,21.7,20.75,20.79,18018666
"2007-02-28",20.73,21.11,20.47,20.67,19514372
"2007-03-01",20.22,20.79,19.95,20.41,20932076
"2007-03-02",20.23,20.48,19.81,19.85,17069078
"2007-03-05",19.5,19.89,19.11,19.18,16598114
"2007-03-06",19.59,20.53,19.51,20.31,20151141
"2007-03-07",20.21,20.3,19.65,19.73,20298552
"2007-03-08",20.15,20.77,20.13,20.55,19267251
"2007-03-09",20.83,21.07,20.11,20.34,13882544
"2007-03-12",20.11,20.51,20.08,20.22,10703600
"2007-03-13",20.01,20.13,19.35,19.37,15425841
"2007-03-14",19.42,19.53,18.69,19.27,24290162
"2007-03-15",19.23,19.4,18.79,19.08,16397661
"2007-03-16",19.09,19.13,18.77,18.9,13141778
"2007-03-19",19,19.3,18.93,18.99,11543446
"2007-03-20",18.93,19.37,18.83,18.9,16418862
"2007-03-21",19.67,20.29,19.29,19.98,34773028
"2007-03-22",20,20.54,19.91,20.42,20394030
"2007-03-23",20.27,20.63,20.05,20.19,13120260
"2007-03-26",20.21,20.4,19.87,20.23,11183612
"2007-03-27",20.19,20.23,19.83,19.85,11726691
"2007-03-28",19.69,19.85,19.44,19.47,11609397
"2007-03-29",19.77,19.79,18.82,19.13,17978322
"2007-03-30",19.39,19.53,19.09,19.19,14531199
"2007-04-02",19.14,19.3,18.85,19.17,10023189
"2007-04-03",19.17,19.38,18.91,19.09,11845826
"2007-04-04",19.07,19.22,19,19.05,9046665
"2007-04-05",19.13,20.62,19.13,20.6,33347060
"2007-04-09",20.6,20.83,20.19,20.23,16026864
"2007-04-10",20.2,20.43,19.98,20.02,19856636
"2007-04-11",20.06,20.26,19.59,19.66,20442872
"2007-04-12",19.55,20.28,19.43,20.22,18593133
"2007-04-13",20.15,20.43,19.91,20.39,15967524
"2007-04-16",20.33,20.49,20.02,20.28,16798652
"2007-04-17",20.79,21.27,20.37,20.47,26483254
"2007-04-18",20.44,20.91,20.33,20.73,17095568
"2007-04-19",20.56,21.13,20.5,21.01,14240218
"2007-04-20",21.32,21.33,20.98,21.26,14843292
"2007-04-23",21.16,21.2,20.85,20.91,14893612
"2007-04-24",21.27,21.89,21.13,21.7,25742344
"2007-04-25",21.67,22.19,21.57,22.07,12740991
"2007-04-26",22.07,22.51,21.87,22.35,12503404
"2007-04-27",22.27,22.52,21.69,22.05,13851346
"2007-04-30",22.35,22.63,21.92,21.93,14085562
"2007-05-01",22.33,22.47,21.98,22.16,13618738
"2007-05-02",22.27,22.37,21.79,21.9,16546052
"2007-05-03",22.11,22.46,22.07,22.31,12511984
"2007-05-04",22.43,22.59,22.22,22.47,10131777
"2007-05-07",22.8,23.05,22,22.03,13931493
"2007-05-08",21.89,22.25,21.47,22.19,18428418
"2007-05-09",22.03,22.42,21.78,22.29,10471701
"2007-05-10",22.39,22.68,21.69,21.88,20501139
"2007-05-11",23.06,23.65,22.71,23.43,38471994
"2007-05-14",23.33,23.55,22.97,23.19,18293019
"2007-05-15",23.26,23.4,22.93,22.99,15538790
"2007-05-16",23.01,23.28,22.57,23.28,13077954
"2007-05-17",23.21,23.33,22.76,22.89,11247426
"2007-05-18",23.07,23.41,22.87,23.35,15108914
"2007-05-21",23.28,24,23.17,23.42,16172516
"2007-05-22",23.44,23.76,23.06,23.55,10051440
"2007-05-23",23.56,23.7,22.85,22.92,11207163
"2007-05-24",23.03,23.09,22,22.09,15195390
"2007-05-25",22.25,22.55,22.19,22.44,7724312
"2007-05-29",22.35,22.75,22.28,22.68,7906036
"2007-05-30",22.41,22.73,22.13,22.73,8317780
"2007-05-31",22.9,23.23,22.79,23.09,19366742
"2007-06-01",23.35,23.7,23.21,23.25,10727074
"2007-06-04",23.04,23.51,22.95,23.38,8050023
"2007-06-05",23.45,24.11,23.41,24.07,17467068
"2007-06-06",23.91,24.64,23.81,24.25,23773599
"2007-06-07",24.14,24.5,23.99,23.99,19803112
"2007-06-08",23.79,24.4,23.5,24.37,13333150
"2007-06-11",24.37,24.6,24.23,24.45,10891522
"2007-06-12",24.33,24.67,24.19,24.2,13170858
"2007-06-13",24.47,24.79,24.15,24.78,14687524
"2007-06-14",24.67,25.31,24.63,25.22,12716865
"2007-06-15",25.51,26.57,25.5,26.37,27175140
"2007-06-18",26.63,26.73,26.17,26.38,17147421
"2007-06-19",26.21,26.61,26.03,26.55,12300162
"2007-06-20",26.67,26.8,26.39,26.57,20572328
"2007-06-21",27.09,28.89,26.88,28.65,32566880
"2007-06-22",28.67,29.25,28.23,29.08,22123478
"2007-06-25",28.27,28.96,28.01,28.31,20499177
"2007-06-26",28.24,28.32,26.93,27,21711938
"2007-06-27",27,27.76,26.87,27.73,15329619
"2007-06-28",27.81,28.29,27.53,27.99,14953604
"2007-06-29",28.18,28.19,27.53,27.54,12912092
"2007-07-02",27.93,28.7,27.85,28.69,14108436
"2007-07-03",28.67,28.96,28.43,28.73,5969158
"2007-07-05",28.74,29.13,28.6,29.04,9334038
"2007-07-06",29,29.29,28.95,29.18,7069038
"2007-07-09",29.29,30.17,29.28,30.03,13419906
"2007-07-10",29.87,30.5,29.55,30.32,13818699
"2007-07-11",30.31,30.52,29.77,30.19,14566162
"2007-07-12",30.4,30.8,30.19,30.77,10969113
"2007-07-13",30.68,31.05,30.55,30.58,9315636
"2007-07-16",30.61,31.26,30.6,31.13,13543658
"2007-07-17",31.26,31.89,30.97,31,16100806
"2007-07-18",30.55,30.65,29.83,30.43,13767436
"2007-07-19",30.87,31.02,30.18,30.4,10185166
"2007-07-20",30.6,30.71,29.92,30.07,12646238
"2007-07-23",29.96,30.99,29.89,30.37,9012750
"2007-07-24",30.25,30.5,29.38,29.56,11440732
"2007-07-25",29.57,29.99,28.75,29.43,10945444
"2007-07-26",29.11,29.99,28.72,29.57,17781112
"2007-07-27",29.5,30.86,29.49,29.5,15387168
"2007-07-30",29.61,30.37,29.6,30.33,13459569
"2007-07-31",31.53,31.95,30.47,30.51,17791989
"2007-08-01",30.07,30.81,28.87,30.28,17646110
"2007-08-02",30.63,30.65,29.74,30.15,11716893
"2007-08-03",30.05,30.27,28.35,28.36,15585494
"2007-08-06",28.6,28.81,27.8,28.6,13118740
"2007-08-07",28.6,29.53,28.22,29.05,14161869
"2007-08-08",29.58,31.3,29.35,30.39,16533172
"2007-08-09",30.6,31.6,29.9,30.75,31443380
"2007-08-10",28.23,29.53,27.59,29.33,28526511
"2007-08-13",29.56,29.76,28.4,29.01,17720120
"2007-08-14",29.21,30.6,29.12,30.13,27305068
"2007-08-15",29.97,30.4,28.82,28.86,17385076
"2007-08-16",28.57,28.78,27,28.38,19503382
"2007-08-17",29.17,30.08,28.26,30.05,18219321
"2007-08-20",30.07,30.4,29.57,29.93,12992175
"2007-08-21",30.11,31.79,29.67,31.55,17890671
"2007-08-22",32.35,32.46,31.7,32.27,14162300
"2007-08-23",32.43,32.81,31.86,32,16701129
"2007-08-24",31.91,32.23,31.67,32.17,9040958
"2007-08-27",32.17,33.23,32.02,32.89,15904464
"2007-08-28",33,33.13,30.81,30.89,14002366
"2007-08-29",31.53,32.68,31.47,32.64,13465569
"2007-08-30",32.33,33.26,32.31,32.45,11645756
"2007-08-31",33.13,34.23,32.95,34.11,18021639
"2007-09-04",34.26,35.31,33.73,35.16,17087211
"2007-09-05",35.01,36,34.87,34.89,16406728
"2007-09-06",35.33,35.65,34.9,35.05,10638790
"2007-09-07",34.07,34.43,33.11,33.77,15057564
"2007-09-10",34.5,35.1,33.58,33.86,14535200
"2007-09-11",34.35,34.84,33.91,34.58,10139074
"2007-09-12",34.95,35.12,32.88,33.22,13864610
"2007-09-13",33.85,33.89,32.99,33.23,11322893
"2007-09-14",32.9,32.94,32.15,32.25,12183284
"2007-09-17",32.3,32.64,31.83,32.18,9371276
"2007-09-18",32.52,35.5,32.47,35,21122374
"2007-09-19",35.32,36,34.02,34.36,13034704
"2007-09-20",34.38,34.75,33.78,34.16,8106663
"2007-09-21",34.5,35,34.16,34.49,11438496
"2007-09-24",34.7,35.9,34.45,35.37,11412416
"2007-09-25",35.16,35.97,35.06,35.82,9019394
"2007-09-26",36,36.75,35.91,36.67,12954392
"2007-09-27",37.02,37.2,36.39,36.78,9456918
"2007-09-28",37,37.13,36.16,36.24,10108526
"2007-10-01",36.55,37.95,36.51,37.77,9955832
"2007-10-02",37.68,37.75,36.86,37.41,7132314
"2007-10-03",36.75,36.75,35.23,35.82,11681788
"2007-10-04",35.78,36.19,34.75,35.98,9475172
"2007-10-05",36.55,37.13,36.16,36.93,8622154
"2007-10-08",37.19,37.59,36.75,37.53,6312029
"2007-10-09",37.53,37.7,36.32,36.87,10076310
"2007-10-10",37.12,37.12,36.02,36.91,9732338
"2007-10-11",36.57,37.03,34.87,35.27,13227908
"2007-10-12",35.66,36.13,35.11,36.13,10248710
"2007-10-15",36.25,36.86,36.08,36.39,8897500
"2007-10-16",36.35,37.37,36.22,36.72,6916232
"2007-10-17",38.15,39.65,38.11,39.54,17948531
"2007-10-18",39.41,39.67,38.42,39.51,8516984
"2007-10-19",39.42,39.44,37.38,37.39,12645357
"2007-10-22",37.15,39.24,36.85,39.16,13441399
"2007-10-23",39.67,39.67,38.28,39.35,7362655
"2007-10-24",38.5,38.5,36.15,38.02,14142366
"2007-10-25",36.85,37.2,33.59,34.7,20158364
"2007-10-26",35.8,36.04,33.9,34.4,15415428
"2007-10-29",33.22,33.75,32.56,33.59,20347306
"2007-10-30",33.86,35.53,33.3,34.82,13130241
"2007-10-31",35.03,35.4,33.94,35.38,11387563
"2007-11-01",34.83,36.09,34.35,35.38,14682023
"2007-11-02",35.87,37,35.37,36.74,12299242
"2007-11-05",36.43,37.62,36.2,36.74,10922452
"2007-11-06",37.09,38.2,36.92,37.9,13866082
"2007-11-07",37.88,38.03,35.8,36.1,13669147
"2007-11-08",35.75,36.4,32.81,33.84,24920549
"2007-11-09",34.55,34.8,32.65,33.36,21781687
"2007-11-12",33.35,33.59,30.03,30.03,17893227
"2007-11-13",30.52,32.71,30.03,32.68,18170677
"2007-11-14",33.51,33.83,32,32.17,16667914
"2007-11-15",31.96,32.26,31,31.74,12412553
"2007-11-16",32,32.54,31.74,32.45,10597542
"2007-11-19",31.99,32.15,30.09,30.26,14216186
"2007-11-20",30.83,30.88,29.11,30.03,15566308
"2007-11-21",29.4,30.42,29.31,29.71,16214701
"2007-11-23",29.92,30.35,29.54,30.22,3549420
"2007-11-26",30.2,30.82,29.46,29.52,9652338
"2007-11-27",29.94,30.88,29.71,30.79,11471502
"2007-11-28",31.76,33.29,31.61,32.85,14363605
"2007-11-29",32.8,34.1,32.66,33.12,12229227
"2007-11-30",34.2,34.2,31.44,31.54,16315265
"2007-12-03",32,32.59,31.51,32,12267157
"2007-12-04",32.14,32.25,31.35,31.97,9293856
"2007-12-05",33.19,34.25,32.78,33.63,16670610
"2007-12-06",33.55,34.42,33.25,34.31,9280691
"2007-12-07",34.45,34.49,33.53,33.88,8007250
"2007-12-10",33.99,34.65,33.89,34.25,8410798
"2007-12-11",34.98,35.62,34.21,34.29,14563518
"2007-12-12",35.74,36.09,34.78,35.47,15446574
"2007-12-13",35.04,35.27,33.48,34.5,12509304
"2007-12-14",34.34,35.45,34.11,35.07,8850393
"2007-12-17",34.7,35.03,33.2,33.28,12691917
"2007-12-18",33.79,34.5,33.45,34.13,9922346
"2007-12-19",34.01,34.77,33.87,34.45,6338302
"2007-12-20",35,35.25,34.27,35.17,6998463
"2007-12-21",35.59,35.9,34.84,35.16,10879751
"2007-12-24",35.42,35.95,35.16,35.78,2600121
"2007-12-26",35.85,36.26,35.5,36.26,5385665
"2007-12-27",36.2,36.4,35.05,35.14,6038682
"2007-12-28",35.08,35.5,34.49,34.79,6549346
"2007-12-31",34.51,35.14,34.01,34.02,6905854
"2008-01-02",34.12,34.25,32.56,33.01,12099534
"2008-01-03",33.2,33.86,32.63,32.75,11884649
"2008-01-04",31.77,31.93,29.8,30,18403423
"2008-01-07",30.2,30.45,26.35,26.9,25172357
"2008-01-08",27.05,29.29,26.42,27.47,27675990
"2008-01-09",27.84,28.9,27.43,28.89,18540989
"2008-01-10",28.1,28.74,27.73,28.29,13864179
"2008-01-11",27.62,28.2,26.85,27.05,14316298
"2008-01-14",27.45,28.89,27.01,28.85,13480712
"2008-01-15",27.8,28.08,26.26,26.73,18150754
"2008-01-16",25.02,25.36,23.16,23.71,36617969
"2008-01-17",24.08,24.72,23.24,23.3,28349703
"2008-01-18",23.37,24.97,22.52,24.84,23010614
"2008-01-22",22.47,24.18,22.33,23.68,17753656
"2008-01-23",22.64,24.74,22.42,24.03,23251651
"2008-01-24",24.5,25.88,24.27,25.87,14934791
"2008-01-25",26.86,27.46,24.83,24.95,17200239
"2008-01-28",24.86,25.11,24.12,24.65,14441029
"2008-01-29",25.09,25.51,24.44,25.41,10367650
"2008-01-30",25,25.57,24.47,25.19,13264967
"2008-01-31",24.64,25.05,23.83,24.59,14717700
"2008-02-01",24.54,27,24.33,26.86,14828959
"2008-02-04",27.44,27.59,25.88,26.02,14133305
"2008-02-05",25.5,25.51,24.38,24.39,12375394
"2008-02-06",24.65,25.33,23.86,24.31,13941612
"2008-02-07",23.61,25.24,23.1,24.55,16604405
"2008-02-08",24.32,25.18,24,24.99,9848838
"2008-02-11",25.2,25.61,24.9,25.07,12593733
"2008-02-12",25.45,26.36,25.31,26,15246979
"2008-02-13",26.2,27.1,25.92,27.02,18557788
"2008-02-14",26.23,26.25,22.55,22.61,54607318
"2008-02-15",22.52,23.13,21.91,22.27,20430167
"2008-02-19",22.68,22.72,21.75,21.94,13972045
"2008-02-20",21.3,22.1,21.21,21.78,18981572
"2008-02-21",22,22.11,21.16,21.29,16113756
"2008-02-22",21.46,22.36,21.3,22.32,18076422
"2008-02-25",22.3,22.56,21.72,22.31,16797650
"2008-02-26",22.18,22.84,21.84,22.5,14135534
"2008-02-27",22.39,23.03,22.25,22.85,13453331
"2008-02-28",22.65,22.69,21.99,21.99,12593269
"2008-02-29",21.63,21.92,21.3,21.39,13514514
"2008-03-03",21.36,21.51,20.86,21.14,11228156
"2008-03-04",21,21.04,20.11,20.93,19472184
"2008-03-05",21.13,21.67,20.91,21.17,16124473
"2008-03-06",20.91,21.05,19.81,19.84,26882056
"2008-03-07",19.48,20.32,19,19.55,19188451
"2008-03-10",19.31,19.55,18.4,18.43,19416860
"2008-03-11",19,19.23,18.24,19.04,21452737
"2008-03-12",19.22,19.39,18.36,18.52,18586134
"2008-03-13",18.23,19.98,18.12,19.7,30515517
"2008-03-14",19.8,19.82,18.18,18.32,28877909
"2008-03-17",17.52,18.48,17.31,17.86,20023750
"2008-03-18",18.28,19,17.76,18.97,26884482
"2008-03-19",18.53,18.79,17.66,17.66,22013478
"2008-03-20",17.87,18.56,17.55,18.52,15837539
"2008-03-24",18.93,20.14,18.86,20.03,22189007
"2008-03-25",20.12,20.7,19.93,20.32,18386285
"2008-03-26",20.05,20.19,19.45,19.67,18045565
"2008-03-27",19.37,19.92,19.07,19.39,15033966
"2008-03-28",19.74,20.19,19.54,19.68,14044703
"2008-03-31",19.89,20.26,19.54,19.79,14250376
"2008-04-01",20.38,21.05,20.09,21,16923152
"2008-04-02",21.06,21.06,20.2,20.36,15414955
"2008-04-03",20.19,20.22,19.39,19.98,21050770
"2008-04-04",19.58,19.68,18.73,18.78,38393789
"2008-04-07",19.24,19.52,19.08,19.23,18250726
"2008-04-08",19,19.74,19,19.12,15994610
"2008-04-09",19.34,19.7,19.16,19.5,16884902
"2008-04-10",19.71,20.51,19.29,19.88,27406684
"2008-04-11",19.5,19.62,18.41,18.53,27655240
"2008-04-14",18.46,18.5,17.8,17.91,19501785
"2008-04-15",18,18.19,17.61,18.12,10997824
"2008-04-16",18.81,19.08,18.48,18.84,16180523
"2008-04-17",17.97,18.65,17.96,18.58,14940423
"2008-04-18",19.15,19.32,18.76,19.02,14338703
"2008-04-21",18.87,20,18.87,19.87,16998129
"2008-04-22",19.51,19.72,19.08,19.5,14694781
"2008-04-23",19.77,20.66,19.51,20.44,25517572
"2008-04-24",20.56,20.66,19.65,19.95,16399563
"2008-04-25",20.14,20.2,19.51,20.15,13806419
"2008-04-28",20.06,20.36,19.71,19.79,13395402
"2008-04-29",19.57,20.45,19.57,20.2,14341881
"2008-04-30",20.44,20.77,20.3,20.55,26707911
"2008-05-01",20.8,21.55,20.7,21.5,25373361
"2008-05-02",22.09,22.52,21.76,22.52,28277957
"2008-05-05",22.37,22.47,21.91,21.96,23587239
"2008-05-06",21.9,22.58,21.56,22.53,18225841
"2008-05-07",22.59,22.89,21.82,22.01,17900208
"2008-05-08",22.18,22.25,21.01,21.95,33999965
"2008-05-09",22.01,23.43,21.97,22.53,50736241
"2008-05-12",22.82,22.82,21.67,21.89,25172784
"2008-05-13",22,22,21.28,21.44,21352620
"2008-05-14",21.71,22.64,21.44,22.07,18778701
"2008-05-15",22.02,23.88,21.92,23.78,29136512
"2008-05-16",24.18,24.46,23.63,24.41,27290690
"2008-05-19",24.42,25.31,23.73,23.9,28964797
"2008-05-20",23.25,23.52,23.01,23.28,19285962
"2008-05-21",23.34,24.24,23.04,23.09,26668259
"2008-05-22",23.42,23.84,23.05,23.65,17333168
"2008-05-23",23.61,23.8,22.77,23.11,20066780
"2008-05-27",23.15,23.39,22.71,23.36,20824370
"2008-05-28",24,24.06,23.31,23.58,18797180
"2008-05-29",23.59,23.63,23.09,23.52,17336486
"2008-05-30",24.19,24.78,24.12,24.7,20756179
"2008-06-02",24.7,24.99,24.43,24.8,18370323
"2008-06-03",24.88,24.92,23.67,23.96,21108361
"2008-06-04",23.43,24.29,23.3,24.24,20823185
"2008-06-05",25.08,25.35,24.57,24.85,20706366
"2008-06-06",24.55,24.58,23.92,24.06,19627583
"2008-06-09",23.92,24.25,23.21,23.69,15947898
"2008-06-10",23.05,23.08,22.14,22.29,30634876
"2008-06-11",22.29,22.83,21.22,21.25,24985675
"2008-06-12",21.73,22.15,21.2,21.38,20649728
"2008-06-13",21.41,21.66,20.68,21.31,17644051
"2008-06-16",21.08,21.28,20.85,21.02,15768488
"2008-06-17",21.32,21.33,20.46,20.51,17198762
"2008-06-18",20.3,21,19.58,19.91,26639607
"2008-06-19",20.02,20.3,19.38,19.86,19727745
"2008-06-20",19.42,19.98,19.41,19.76,18530542
"2008-06-23",19.91,19.93,19.18,19.35,19415313
"2008-06-24",19.24,20.45,19.24,19.99,26973106
"2008-06-25",20.3,20.45,19.78,20.1,22530744
"2008-06-26",19.5,19.65,19.06,19.07,21141622
"2008-06-27",19.15,19.39,18.71,19.28,14603438
"2008-06-30",19.06,19.23,18.59,18.72,16354358
"2008-07-01",18.5,18.77,18.16,18.75,22037332
"2008-07-02",18.66,18.78,18,18.03,19532759
"2008-07-03",12.98,13.13,12.4,12.49,74705538
"2008-07-07",12.68,12.76,11.76,12.1,55067240
"2008-07-08",12.18,12.48,11.8,12.03,45145808
"2008-07-09",12.06,12.24,11.82,11.82,35335795
"2008-07-10",11.88,12.02,11.57,11.79,26424735
"2008-07-11",11.55,11.96,11.32,11.67,20195391
"2008-07-14",11.76,11.85,11.06,11.14,22059104
"2008-07-15",11.04,11.49,10.7,11.26,28064609
"2008-07-16",11.3,11.62,10.99,11.32,25861958
"2008-07-17",11.5,11.5,10.92,11.36,21556520
"2008-07-18",11.28,11.63,10.96,11.56,22494060
"2008-07-21",11.74,11.91,11.53,11.63,14295827
"2008-07-22",11.52,11.57,11.16,11.38,13903682
"2008-07-23",11.46,11.84,11.41,11.72,14880521
"2008-07-24",11.6,11.71,11,11.03,17645446
"2008-07-25",11.14,11.6,10.91,11.56,25993287
"2008-07-28",11.41,11.91,11.36,11.53,18370160
"2008-07-29",11.55,11.94,11.42,11.65,19119227
"2008-07-30",11.88,11.9,11.22,11.48,14712472
"2008-07-31",11.45,11.69,11.32,11.44,12182906
"2008-08-01",11.14,11.18,10.7,10.84,22028500
"2008-08-04",10.84,10.9,10.55,10.58,13051915
"2008-08-05",10.78,11.19,10.66,11.19,17148559
"2008-08-06",11.22,11.59,10.86,11.49,20372357
"2008-08-07",11.39,11.9,11.18,11.31,20484118
"2008-08-08",11.4,11.5,10.96,11,21345526
"2008-08-11",11.08,11.5,11.04,11.23,29910888
"2008-08-12",11.32,11.35,10.91,11.07,35420296
"2008-08-13",11.95,12.44,11.66,12.26,52383250
"2008-08-14",12.17,13.49,12.17,13,40901296
"2008-08-15",13.23,13.38,12.87,12.96,19441705
"2008-08-18",13.05,13.34,12.91,13.22,22357762
"2008-08-19",12.95,13.5,12.95,13.42,25358186
"2008-08-20",13.62,14.12,13.52,14.08,28592276
"2008-08-21",13.83,13.94,13.34,13.62,25542383
"2008-08-22",13.72,13.88,13.32,13.61,11484627
"2008-08-25",13.53,13.85,13.37,13.41,11790888
"2008-08-26",13.48,13.49,12.95,13.09,15329047
"2008-08-27",12.79,13.35,12.67,13.19,11365489
"2008-08-28",13.21,13.35,13.01,13.14,9129757
"2008-08-29",12.96,13,12.6,12.64,12900090
"2008-09-02",12.85,12.96,12.15,12.32,17349528
"2008-09-03",12.15,12.2,11.55,11.66,17879218
"2008-09-04",11.53,11.65,11.43,11.5,17904354
"2008-09-05",11.4,11.7,11.39,11.67,19781923
"2008-09-08",11.78,11.78,11,11.19,32871459
"2008-09-09",11.15,11.83,10.77,10.81,27464486
"2008-09-10",10.94,11.16,10.75,10.82,16109129
"2008-09-11",10.2,10.52,9.96,10.3,26675475
"2008-09-12",10.21,10.28,9.61,10.19,30231994
"2008-09-15",9.83,9.98,9.18,9.3,21600949
"2008-09-16",8.97,9.66,8.8,9.59,31023678
"2008-09-17",9.37,10.22,9.28,10,34814420
"2008-09-18",10.12,11.42,10.1,10.89,40276481
"2008-09-19",11.41,11.5,10.9,11.41,27948113
"2008-09-22",11.32,11.65,11.11,11.17,17502773
"2008-09-23",11.08,11.49,10.81,10.85,20556794
"2008-09-24",10.71,11.47,10.65,11.25,21651861
"2008-09-25",11.25,11.74,11.06,11.47,14708630
"2008-09-26",11.19,11.77,10.98,11.69,16171245
"2008-09-29",11.38,11.52,10,10.1,24382018
"2008-09-30",10.26,10.81,10.15,10.71,16483571
"2008-10-01",10.55,10.74,10.22,10.41,13931713
"2008-10-02",10.48,10.48,9.28,9.33,19698628
"2008-10-03",9.48,9.75,8.97,9.03,23530015
"2008-10-06",8.6,8.62,7.31,7.85,41942125
"2008-10-07",8.13,8.15,7.18,7.24,26504698
"2008-10-08",6.98,7.82,6.91,7.39,30487452
"2008-10-09",7.66,7.77,6.84,6.92,22747525
"2008-10-10",6.32,7.33,6.28,6.81,30012154
"2008-10-13",7.39,8.06,7.3,8.05,22922016
"2008-10-14",8.35,8.4,7.65,7.87,30247344
"2008-10-15",7.82,7.86,7.02,7.02,21358469
"2008-10-16",7.23,7.74,6.9,7.7,25500651
"2008-10-17",7.48,8.09,7.34,7.65,20986001
"2008-10-20",7.91,7.97,7.61,7.8,14895159
"2008-10-21",7.65,7.73,7.16,7.2,16477890
"2008-10-22",7.1,7.4,6.74,6.93,15033930
"2008-10-23",6.91,7.08,6.26,6.54,20805644
"2008-10-24",6,6.95,5.97,6.61,19958762
"2008-10-27",6.57,7.38,6.36,6.97,17475559
"2008-10-28",7.34,8.03,7.21,8.02,21250938
"2008-10-29",7.97,8.8,7.93,8.28,24438336
"2008-10-30",8.75,8.8,8.1,8.63,16434148
"2008-10-31",8.36,8.93,8.34,8.76,15221282
"2008-11-03",8.95,9.11,8.3,8.44,18101056
"2008-11-04",8.73,8.98,8.5,8.98,15489525
"2008-11-05",8.65,8.9,8.51,8.51,19702516
"2008-11-06",8.01,8.31,7.6,7.62,20005882
"2008-11-07",8.68,9.07,8.1,8.72,28304962
"2008-11-10",9.05,9.1,7.97,8.16,14446518
"2008-11-11",8.04,8.1,7.72,7.8,14414366
"2008-11-12",7.56,7.74,7.25,7.34,16152212
"2008-11-13",7,7.95,6.86,7.94,19932728
"2008-11-14",7.62,7.66,7.14,7.17,18528341
"2008-11-17",7.1,7.29,6.95,7.02,9705504
"2008-11-18",7.16,7.2,6.56,6.79,14123745
"2008-11-19",6.73,6.9,6.2,6.23,12507055
"2008-11-20",6.18,6.49,5.83,5.9,21178517
"2008-11-21",6.09,6.38,5.75,6.38,14984039
"2008-11-24",6.77,6.88,6.4,6.8,15008364
"2008-11-25",7.1,7.12,6.79,6.99,13210284
"2008-11-26",6.87,7.63,6.83,7.61,15019734
"2008-11-28",7.49,7.6,7.37,7.47,4397222
"2008-12-01",7.17,7.24,6.82,6.83,13677781
"2008-12-02",6.96,7.3,6.87,7.21,11999689
"2008-12-03",6.93,7.59,6.87,7.58,14616190
"2008-12-04",7.43,7.8,6.91,7.08,11658006
"2008-12-05",6.86,7.39,6.74,7.36,10962587
"2008-12-08",7.5,7.65,6.95,7.12,17707839
"2008-12-09",7.03,8.09,6.95,7.81,20744653
"2008-12-10",7.96,8.75,7.83,8.55,24029310
"2008-12-11",8.5,8.8,8.09,8.19,14573267
"2008-12-12",7.95,8.65,7.79,8.6,16981947
"2008-12-15",8.65,8.7,8.05,8.32,11929298
"2008-12-16",8.4,8.9,8.32,8.88,13049773
"2008-12-17",8.72,9.45,8.6,9.32,16864597
"2008-12-18",9.26,9.29,8.35,8.46,13773054
"2008-12-19",8.57,8.9,8.49,8.52,15507495
"2008-12-22",8.65,8.67,7.71,8.02,13061515
"2008-12-23",8.07,8.24,7.79,7.91,9440863
"2008-12-24",7.75,7.94,7.56,7.72,3669361
"2008-12-26",7.72,7.82,7.3,7.51,5653816
"2008-12-29",7.61,7.75,7.12,7.75,11505593
"2008-12-30",7.85,8.14,7.67,8.02,10247419
"2008-12-31",7.92,8.27,7.78,8.07,11040504
"2009-01-02",8.07,8.77,8.04,8.71,12431207
"2009-01-05",8.61,9.07,8.55,8.87,17650524
"2009-01-06",9.13,9.43,8.93,9.17,16462864
"2009-01-07",8.96,8.96,8.31,8.62,21753456
"2009-01-08",8.51,8.51,7.88,8.4,25364763
"2009-01-09",8.4,8.4,7.91,7.93,19034952
"2009-01-12",7.93,7.97,7.5,7.61,16139494
"2009-01-13",7.35,7.94,7.21,7.65,45621551
"2009-01-14",7.38,7.47,7.2,7.31,24374542
"2009-01-15",7.35,7.69,7.2,7.57,24956500
"2009-01-16",7.78,8.06,7.53,7.99,20783033
"2009-01-20",7.97,8,7.15,7.21,17649513
"2009-01-21",7.35,7.61,7.08,7.56,16218210
"2009-01-22",7.32,7.62,7.15,7.42,13693372
"2009-01-23",7.21,7.94,7.2,7.71,15840329
"2009-01-26",7.74,8.2,7.62,7.97,14545368
"2009-01-27",8.1,8.5,8.07,8.44,18134000
"2009-01-28",8.74,8.93,8.46,8.79,18094799
"2009-01-29",8.5,8.6,8.24,8.28,10329002
"2009-01-30",8.22,8.44,7.85,7.95,12668918
"2009-02-02",7.83,8.47,7.79,8.38,14450934
"2009-02-03",8.4,8.55,8.17,8.48,9923639
"2009-02-04",8.5,9.15,8.5,8.72,19485974
"2009-02-05",8.49,9.46,8.4,9.36,22986135
"2009-02-06",9.39,9.93,9.23,9.87,28952635
"2009-02-09",9.83,9.97,9.47,9.74,17904324
"2009-02-10",9.73,9.86,9.14,9.32,28241442
"2009-02-11",8.58,8.89,7.86,8.15,49588399
"2009-02-12",7.97,8.37,7.86,8.32,25600670
"2009-02-13",8.13,8.41,8.07,8.31,19107779
"2009-02-17",8,8.19,7.8,7.83,19494354
"2009-02-18",7.83,8.3,7.82,8.04,16157315
"2009-02-19",8.2,8.27,7.42,7.42,18601684
"2009-02-20",7.32,7.73,7.25,7.61,19251356
"2009-02-23",7.74,7.78,7.21,7.26,16989732
"2009-02-24",7.3,7.92,7.29,7.91,16488108
"2009-02-25",7.89,8.24,7.62,8,17559340
"2009-02-26",8.28,8.54,8.16,8.26,27939105
"2009-02-27",8.05,8.47,7.99,8.28,18886554
"2009-03-02",8.08,8.25,7.55,7.58,17501557
"2009-03-03",7.72,8.18,7.47,7.88,26037798
"2009-03-04",8.09,8.7,8.02,8.46,27716927
"2009-03-05",8.34,8.68,8.22,8.26,23881224
"2009-03-06",8.26,8.69,8.15,8.39,24369991
"2009-03-09",8.33,8.96,8.28,8.3,17069181
"2009-03-10",8.6,9.21,8.52,9.05,31371435
"2009-03-11",9.05,11.85,8.9,9.3,21630363
"2009-03-12",9.27,9.95,9.15,9.85,40118080
"2009-03-13",9.71,9.94,9.55,9.8,29879831
"2009-03-16",9.9,9.91,9.34,9.42,17485326
"2009-03-17",9.45,9.91,9.33,9.89,25136943
"2009-03-18",9.74,10.49,9.73,10.2,33989479
"2009-03-19",10.27,10.27,10.01,10.08,20566203
"2009-03-20",10.23,10.24,9.27,9.53,27341975
"2009-03-23",9.83,10.24,9.61,10.22,20404754
"2009-03-24",9.97,10.06,9.73,9.78,27872505
"2009-03-25",10.08,10.4,9.56,9.94,31100123
"2009-03-26",10.1,10.58,9.99,10.56,33344651
"2009-03-27",10.45,10.7,10.3,10.46,18297541
"2009-03-30",10.06,10.19,9.65,9.79,19505229
"2009-03-31",9.94,10.1,9.79,9.86,20132366
"2009-04-01",9.74,10.2,9.37,10.11,22202395
"2009-04-02",10.49,10.77,10.34,10.58,25075638
"2009-04-03",10.59,11.34,10.41,11.32,25080520
"2009-04-06",11.13,11.45,10.98,11.35,22187153
"2009-04-07",11.13,11.25,10.89,10.96,15199658
"2009-04-08",11.08,11.44,10.99,11.41,18296540
"2009-04-09",11.7,12.08,11.61,12.04,22610383
"2009-04-13",11.89,11.9,11.39,11.65,19193731
"2009-04-14",11.49,12,11.44,11.72,17808650
"2009-04-15",11.31,11.44,10.91,11.39,26134214
"2009-04-16",11.6,11.82,11.16,11.68,25969228
"2009-04-17",11.68,11.87,11.4,11.76,17394626
"2009-04-20",11.31,11.41,10.99,11.05,14766609
"2009-04-21",10.9,11.48,10.74,11.02,23304830
"2009-04-22",10.92,11.81,10.74,11.35,22910824
"2009-04-23",11.46,11.56,10.82,11.17,18854056
"2009-04-24",11.28,11.51,11.01,11.43,18988118
"2009-04-27",11.28,11.6,10.95,11.02,19677554
"2009-04-28",10.88,11.28,10.78,11.05,15862548
"2009-04-29",11.1,11.15,10.75,10.88,21497436
"2009-04-30",11.09,11.8,11,11.48,27761858
"2009-05-01",11.45,11.94,11.44,11.67,21016176
"2009-05-04",11.87,12.39,11.71,12.3,23194769
"2009-05-05",12.03,12.11,11.55,11.8,20930349
"2009-05-06",11.93,12.04,11.33,11.56,23377135
"2009-05-07",11.82,11.82,10.58,10.73,32229818
"2009-05-08",10.5,10.5,9.11,9.25,73264096
"2009-05-11",9.1,9.66,9.02,9.43,25968446
"2009-05-12",9.64,9.64,8.8,8.98,30034526
"2009-05-13",8.92,8.97,8.33,8.4,32640106
"2009-05-14",8.39,8.7,8.33,8.52,25448361
"2009-05-15",8.58,9.04,8.48,8.74,19507657
"2009-05-18",8.96,9.33,8.94,9.27,23464977
"2009-05-19",9.33,9.56,9.18,9.45,21501432
"2009-05-20",9.62,10.25,9.58,9.73,32738452
"2009-05-21",9.61,9.8,9.4,9.67,24142688
"2009-05-22",9.67,9.96,9.49,9.82,17956672
"2009-05-26",9.73,10.43,9.63,10.35,21638441
"2009-05-27",10.3,10.68,10.2,10.37,20355412
"2009-05-28",10.53,10.6,10.06,10.51,24882583
"2009-05-29",10.52,10.54,10.07,10.43,20860144
"2009-06-01",10.55,11,10.51,10.94,25569015
"2009-06-02",10.94,11.18,10.65,10.85,22699535
"2009-06-03",10.71,10.75,10.25,10.51,18392113
"2009-06-04",10.54,10.91,10.53,10.89,16831390
"2009-06-05",11.09,11.09,10.7,10.83,14001708
"2009-06-08",10.75,10.92,10.5,10.77,11853468
"2009-06-09",10.92,11.48,10.84,11.36,18128372
"2009-06-10",11.42,11.79,11.17,11.72,20835631
"2009-06-11",11.74,12.2,11.5,11.57,20879297
"2009-06-12",11.4,11.55,11.14,11.51,14874959
"2009-06-15",11.3,11.45,11.12,11.32,11131192
"2009-06-16",11.32,11.46,10.85,11.01,14872991
"2009-06-17",11.18,11.39,10.75,11.28,19975313
"2009-06-18",11.24,11.45,10.94,11.06,14163420
"2009-06-19",11.17,11.46,11.03,11.18,18689086
"2009-06-22",11.22,11.22,10.51,10.55,14371504
"2009-06-23",10.65,10.67,10.08,10.5,14744487
"2009-06-24",10.63,11.1,10.63,10.85,12877302
"2009-06-25",10.75,11.44,10.64,11.42,21769253
"2009-06-26",11.37,11.61,11.27,11.57,12849200
"2009-06-29",11.6,11.78,11.45,11.57,12751389
"2009-06-30",11.53,11.69,11.08,11.29,14749123
"2009-07-01",11.36,11.49,11.15,11.34,17410458
"2009-07-02",10.97,11.11,10.75,10.9,13809139
"2009-07-06",10.89,10.9,10.37,10.55,18812537
"2009-07-07",10.59,10.65,10.06,10.09,26825873
"2009-07-08",10.15,10.18,9.71,10.11,30147739
"2009-07-09",10.28,10.5,10.25,10.33,17864270
"2009-07-10",10.33,10.44,10.11,10.37,13000142
"2009-07-13",10.58,10.58,9.95,10.49,13900246
"2009-07-14",10.57,10.75,10.45,10.71,11323552
"2009-07-15",11.1,11.37,11,11.15,25570391
"2009-07-16",11.27,11.77,11.21,11.73,23804770
"2009-07-17",11.73,12.11,11.61,12.07,21259858
"2009-07-20",12.17,12.35,12.01,12.22,19568960
"2009-07-21",12.19,12.24,11.69,11.97,23536135
"2009-07-22",11.73,12.38,11.65,12.27,15022607
"2009-07-23",12.29,13.04,12.16,13,26158569
"2009-07-24",12.6,13,12.52,12.96,16266239
"2009-07-27",12.84,13.21,12.72,13.02,16937033
"2009-07-28",12.93,13.18,12.82,13.04,14084118
"2009-07-29",12.89,12.97,12.65,12.78,9350064
"2009-07-30",13,13.17,12.77,12.88,11714316
"2009-07-31",12.88,13.11,12.58,12.93,13539673
"2009-08-03",13.24,13.43,12.99,13.28,11805057
"2009-08-04",13.05,13.6,13.03,13.37,17385157
"2009-08-05",13.29,13.5,13.13,13.4,15270162
"2009-08-06",13.45,13.69,13.04,13.12,23939683
"2009-08-07",13.83,14.23,13.52,13.71,35047438
"2009-08-10",13.81,14.01,13.18,13.26,17334738
"2009-08-11",13.17,13.37,12.88,12.95,12053415
"2009-08-12",12.96,13.57,12.95,13.43,15873815
"2009-08-13",13.53,13.88,13.29,13.83,14102358
"2009-08-14",13.81,13.83,13.24,13.42,10678990
"2009-08-17",13.01,13.05,12.72,12.86,11625926
"2009-08-18",12.86,13.48,12.85,13.33,15905099
"2009-08-19",13.13,13.26,13,13.18,13825709
"2009-08-20",13.12,13.76,13.09,13.7,20499668
"2009-08-21",13.81,13.95,13.53,13.93,15185829
"2009-08-24",13.85,14,13.46,13.54,11536902
"2009-08-25",13.61,13.8,13.38,13.66,11102660
"2009-08-26",13.63,13.85,13.58,13.82,10858056
"2009-08-27",13.88,14.07,13.73,14.01,13778708
"2009-08-28",14.39,15.03,14.37,14.73,22099717
"2009-08-31",14.56,14.63,14.33,14.52,10794832
"2009-09-01",14.51,14.92,13.95,14.03,18423585
"2009-09-02",14.05,14.37,13.97,14.23,10117485
"2009-09-03",14.23,14.59,14.19,14.57,13350482
"2009-09-04",14.51,15.21,14.51,15.11,12826901
"2009-09-08",15.22,15.53,15.1,15.53,13743363
"2009-09-09",15.5,15.99,15.28,15.96,14292564
"2009-09-10",16.01,16.49,15.83,16.47,15199959
"2009-09-11",16.43,16.49,16.2,16.32,17820451
"2009-09-14",16.08,16.21,15.91,16.05,12263623
"2009-09-15",16.2,16.58,16.05,16.38,13653373
"2009-09-16",16.34,16.37,15.7,15.94,17676546
"2009-09-17",15.9,15.9,14.97,15.24,23078223
"2009-09-18",15.39,15.5,15.1,15.22,15118521
"2009-09-21",15.04,15.41,14.91,15.15,14720276
"2009-09-22",15.26,15.35,15.06,15.18,9035513
"2009-09-23",15.27,15.4,14.92,14.94,11976668
"2009-09-24",15.19,15.19,14.69,14.74,13823368
"2009-09-25",14.66,14.73,14.39,14.5,9439456
"2009-09-28",14.55,15.2,14.55,14.83,11697265
"2009-09-29",14.92,15.1,14.53,14.56,11775125
"2009-09-30",14.86,15.21,14.53,15.03,21898808
"2009-10-01",14.98,14.98,13.95,13.96,24998912
"2009-10-02",13.82,14.15,13.74,13.85,15311897
"2009-10-05",14,14.05,13.54,13.78,18856977
"2009-10-06",13.95,14.25,13.85,14.01,19034072
"2009-10-07",13.91,14.06,13.75,13.9,11490196
"2009-10-08",13.98,14.02,13.49,13.99,31044548
"2009-10-09",13.91,14.19,13.89,14.17,15464903
"2009-10-12",13.93,14.28,13.92,14.01,12478420
"2009-10-13",14.09,14.25,13.83,13.96,15053078
"2009-10-14",14.5,14.5,13.87,13.94,27548689
"2009-10-15",13.92,14.05,13.44,13.53,27310683
"2009-10-16",13.36,13.4,12.98,13.22,25473105
"2009-10-19",13.33,13.81,13.22,13.7,17390774
"2009-10-20",13.93,14.03,13.6,13.71,16504500
"2009-10-21",13.66,13.87,13.31,13.38,12600323
"2009-10-22",13.31,13.54,13.08,13.47,9484638
"2009-10-23",13.65,13.65,13.07,13.15,10739283
"2009-10-26",13.25,13.45,12.91,12.98,12042366
"2009-10-27",12.92,13.11,12.41,12.54,14795921
"2009-10-28",12.26,12.54,11.96,12.02,19343168
"2009-10-29",12.21,12.61,12.1,12.55,15920836
"2009-10-30",12.49,12.54,11.9,11.96,15103538
"2009-11-02",11.94,12.33,11.73,12.07,14828492
"2009-11-03",11.68,12.07,11.56,12.01,21913452
"2009-11-04",12.1,12.23,11.93,11.98,22929592
"2009-11-05",12.12,12.39,12.08,12.27,23878819
"2009-11-06",13.04,13.43,12.88,13.16,41027750
"2009-11-09",13.34,13.65,13.33,13.46,20457498
"2009-11-10",13.51,13.51,12.96,13.13,19541452
"2009-11-11",13.35,13.82,13.33,13.5,21790530
"2009-11-12",13.62,13.85,13.42,13.46,12646532
"2009-11-13",13.45,13.63,13.39,13.56,9713082
"2009-11-16",13.68,13.91,13.61,13.75,10070737
"2009-11-17",13.76,13.76,13.47,13.73,8753532
"2009-11-18",13.6,13.65,13.29,13.52,11391505
"2009-11-19",13.23,13.23,12.74,12.98,20848440
"2009-11-20",12.68,12.96,12.65,12.9,10673106
"2009-11-23",13.09,13.33,12.94,13,9774517
"2009-11-24",12.94,13.03,12.71,12.92,10466498
"2009-11-25",13.07,13.25,12.98,13.07,11048677
"2009-11-27",12.6,12.94,12.53,12.79,6998289
"2009-11-30",12.84,13.07,12.7,13.06,12746087
"2009-12-01",13.13,13.47,13.06,13.32,11549011
"2009-12-02",13.35,13.75,13.27,13.72,15058532
"2009-12-03",13.88,14.13,13.81,13.83,16500826
"2009-12-04",14.09,14.32,13.87,14.26,20614253
"2009-12-07",15.85,16.45,15.1,16.09,68304602
"2009-12-08",15.83,15.9,15.22,15.31,26892515
"2009-12-09",15.47,15.8,15.32,15.69,16792631
"2009-12-10",15.8,15.9,15.36,15.41,10426008
"2009-12-11",15.54,15.56,15.17,15.21,10422268
"2009-12-14",15.43,15.72,15.26,15.67,10138899
"2009-12-15",15.56,15.91,15.52,15.65,11153755
"2009-12-16",16.21,17.09,16.12,16.91,42094219
"2009-12-17",16.96,17.48,16.58,16.83,25404829
"2009-12-18",16.97,17.03,16.62,16.82,20326857
"2009-12-21",16.92,17.49,16.9,17.42,10695619
"2009-12-22",17.42,18.06,17.4,17.88,19829444
"2009-12-23",18.05,18.18,17.82,18.13,11057471
"2009-12-24",18.18,18.21,18.02,18.09,3420300
"2009-12-28",18.06,18.22,17.62,17.8,11643962
"2009-12-29",17.74,18.07,17.7,18.02,11896928
"2009-12-30",18.19,18.78,18.06,18.67,17602445
"2009-12-31",18.71,18.95,18.66,18.68,17509891
"2010-01-04",18.51,18.62,18.11,18.49,20008817
"2010-01-05",18.42,18.96,18.42,18.76,18217439
"2010-01-06",18.75,18.92,18.57,18.88,16229167
"2010-01-07",18.78,18.86,18.37,18.51,13694746
"2010-01-08",18.36,18.68,18.25,18.55,11954399
"2010-01-11",18.65,18.73,18.03,18.29,13916384
"2010-01-12",18.02,18.09,17.29,17.67,15687221
"2010-01-13",17.79,17.97,17.1,17.91,12723628
"2010-01-14",17.69,17.82,17.33,17.63,15220082
"2010-01-15",17.5,17.65,16.88,17.11,20456223
"2010-01-19",16.98,17.54,16.93,17.43,13633346
"2010-01-20",17.21,17.43,16.98,17.36,17993451
"2010-01-21",17.35,17.66,16.89,17.05,15215785
"2010-01-22",16.85,17.16,16.36,16.46,26699570
"2010-01-25",16.73,17.06,16.61,16.74,16091839
"2010-01-26",16.66,16.77,16.2,16.21,17867321
"2010-01-27",16.2,16.71,16.02,16.65,20313265
"2010-01-28",16.78,16.84,15.86,16.09,17195437
"2010-01-29",16.27,16.45,15.15,15.39,19367693
"2010-02-01",15.45,16.6,15.32,16.57,23745743
"2010-02-02",16.51,16.95,16.46,16.74,21245301
"2010-02-03",16.59,16.95,16.51,16.88,14057468
"2010-02-04",16.73,16.73,15.72,15.9,19586931
"2010-02-05",15.88,16.26,15.6,16.22,15121322
"2010-02-08",16.17,16.58,15.87,16.19,11129111
"2010-02-09",16.45,16.53,15.9,16.06,23253996
"2010-02-10",16.16,16.52,16.05,16.37,13395610
"2010-02-11",16.63,17.3,16.51,17.12,17400052
"2010-02-12",17,17.7,16.8,17.35,19505375
"2010-02-16",17.58,17.74,17.37,17.67,11429588
"2010-02-17",17.89,17.9,17.32,17.84,21913909
"2010-02-18",16.86,16.95,16.21,16.67,37893998
"2010-02-19",16.6,16.78,16.5,16.58,12765612
"2010-02-22",16.65,16.9,16.5,16.61,11453055
"2010-02-23",16.66,16.73,16.04,16.21,12244399
"2010-02-24",16.35,16.71,16.3,16.55,11147859
"2010-02-25",16.17,16.44,15.76,16.4,14424221
"2010-02-26",16.32,16.44,16.1,16.2,9835398
"2010-03-01",16.21,16.93,16.08,16.85,13896707
"2010-03-02",17,17.21,16.72,16.84,13467030
"2010-03-03",16.94,17.03,16.49,16.63,9982441
"2010-03-04",16.7,16.83,16.45,16.66,13936496
"2010-03-05",16.54,17.29,16.54,17.17,15822490
"2010-03-08",17.18,17.23,16.85,16.92,10983776
"2010-03-09",17.09,17.72,17.08,17.55,20773945
"2010-03-10",17.5,17.78,17.49,17.59,10464262
"2010-03-11",17.45,17.51,17.12,17.19,13516425
"2010-03-12",17.38,17.43,17.16,17.25,13008742
"2010-03-15",17.23,17.4,17,17.16,8972798
"2010-03-16",17.15,17.86,17.14,17.76,16625049
"2010-03-17",17.86,18.34,17.86,18.1,16279945
"2010-03-18",18.13,18.13,17.3,17.46,18525579
"2010-03-19",17.72,17.77,17.03,17.25,14615827
"2010-03-22",17.03,17.6,17.03,17.53,10885414
"2010-03-23",17.66,17.98,17.54,17.89,12340359
"2010-03-24",17.74,17.79,17.26,17.29,10909452
"2010-03-25",17.54,17.65,17.3,17.34,12380208
"2010-03-26",17.49,17.67,17.2,17.34,8617883
"2010-03-29",17.45,17.6,17.21,17.56,9863364
"2010-03-30",17.76,17.85,17.33,17.63,8103321
"2010-03-31",17.56,17.64,17.31,17.4,9745918
"2010-04-05",17.33,17.51,17.31,17.48,10340826
"2010-04-06",17.26,17.3,16.75,17.05,20231420
"2010-04-07",16.94,17.45,16.8,17.16,20438250
"2010-04-08",17.05,17.18,16.79,16.88,25946285
"2010-04-09",16.84,17.05,16.75,16.99,20440074
"2010-04-12",17.01,17.37,16.98,17.3,13662488
"2010-04-13",17.37,17.72,17.3,17.66,16217339
"2010-04-14",18.04,18.13,17.6,17.88,22517915
"2010-04-15",17.94,18.12,17.76,18.01,23944341
"2010-04-16",17.28,17.35,16.68,17.06,47946585
"2010-04-19",16.93,17.03,16.41,16.98,27362586
"2010-04-20",17.1,17.28,16.82,17.04,16955455
"2010-04-21",17.13,17.15,16.4,16.6,22405934
"2010-04-22",16.33,16.72,16.1,16.67,16423998
"2010-04-23",16.62,16.66,16.15,16.44,18823056
"2010-04-26",16.46,16.8,16.43,16.6,12278219
"2010-04-27",16.48,16.65,16.08,16.13,15167758
"2010-04-28",16.12,16.39,15.83,16.16,16808344
"2010-04-29",16.21,16.67,15.97,16.65,24679070
"2010-04-30",16.45,16.48,15.7,15.71,26705598
"2010-05-03",15.78,15.88,15.3,15.54,26977134
"2010-05-04",15.3,15.33,14.53,14.75,32785071
"2010-05-05",14.45,14.87,14.32,14.5,33273832
"2010-05-06",14.4,14.7,13.04,14.2,25077849
"2010-05-07",14.33,14.33,13.46,13.96,28842769
"2010-05-10",14.8,14.98,14.4,14.56,24482282
"2010-05-11",14.42,14.69,14.29,14.4,20733497
"2010-05-12",14.5,14.76,14.41,14.68,22535634
"2010-05-13",14.62,15.29,14.51,14.65,31299964
"2010-05-14",13.66,13.7,12.6,12.96,62327669
"2010-05-17",12.98,13.15,12.58,12.99,21407597
"2010-05-18",13.1,13.18,12.49,12.56,16855851
"2010-05-19",12.5,12.78,12.41,12.76,20665122
"2010-05-20",12.39,12.76,12.01,12.46,28228340
"2010-05-21",12.1,13.08,12.1,12.73,26743094
"2010-05-24",12.69,12.84,12.32,12.36,16621679
"2010-05-25",11.97,12.75,11.85,12.69,24169279
"2010-05-26",13.2,13.45,12.71,12.75,24875142
"2010-05-27",13.07,13.5,13.04,13.5,17839389
"2010-05-28",13.48,13.48,12.94,13.14,13629704
"2010-06-01",12.96,13.11,12.57,12.58,13189584
"2010-06-02",12.6,12.74,12.52,12.72,16232806
"2010-06-03",12.46,12.73,12.42,12.7,14659563
"2010-06-04",12.33,12.55,12.03,12.1,16786307
"2010-06-07",12.15,12.23,11.45,11.5,14438937
"2010-06-08",11.44,11.45,10.89,11.18,24193643
"2010-06-09",11.24,11.54,10.87,10.91,17429518
"2010-06-10",11.13,11.4,11.1,11.35,15294128
"2010-06-11",11.23,11.66,11.2,11.61,11053621
"2010-06-14",11.78,11.8,11.33,11.36,9377936
"2010-06-15",11.49,11.98,11.47,11.92,13216519
"2010-06-16",11.84,11.95,11.61,11.77,9161955
"2010-06-17",12.18,12.25,11.76,12.22,21483914
"2010-06-18",12.29,12.45,12.2,12.3,23325152
"2010-06-21",12.56,12.59,11.9,12.01,14495824
"2010-06-22",12.16,12.31,11.5,11.56,20454094
"2010-06-23",11.67,11.81,11.34,11.69,15351952
"2010-06-24",11.62,11.68,11.07,11.11,18132473
"2010-06-25",11.19,11.2,10.9,11.08,12686525
"2010-06-28",11.16,11.26,10.9,11.1,9300742
"2010-06-29",10.86,10.87,10.41,10.48,16529782
"2010-06-30",10.5,10.61,10.21,10.21,15579218
"2010-07-01",10.24,10.45,9.93,10.38,18426098
"2010-07-02",10.42,10.44,9.9,10.25,18428399
"2010-07-06",10.21,10.54,10.05,10.14,17800487
"2010-07-07",10.18,10.69,10.16,10.63,15213948
"2010-07-08",10.7,10.71,10.18,10.31,19585468
"2010-07-09",10.36,10.42,10.22,10.35,14291233
"2010-07-12",10.35,10.67,10.34,10.54,14137494
"2010-07-13",10.71,10.99,10.65,10.92,18082841
"2010-07-14",11.4,11.48,10.87,11.03,33896965
"2010-07-15",11.04,11.05,10.59,10.72,23827154
"2010-07-16",10.72,10.75,10.01,10.05,32215099
"2010-07-19",10.19,10.5,10.12,10.46,19960945
"2010-07-20",10.19,10.78,10.1,10.72,29024686
"2010-07-21",10.82,10.83,10.27,10.37,15623424
"2010-07-22",10.48,10.65,10.42,10.54,11565283
"2010-07-23",10.53,10.54,10.26,10.36,20440044
"2010-07-26",10.33,10.59,10.17,10.55,17088617
"2010-07-27",10.58,10.6,10.33,10.46,17087725
"2010-07-28",10.29,10.47,10.1,10.13,33020184
"2010-07-29",9.4,9.6,9.07,9.13,66612352
"2010-07-30",9.06,9.35,8.92,9.19,24616930
"2010-08-02",9.35,9.39,9.14,9.18,22926456
"2010-08-03",9.11,9.12,8.87,8.94,23886028
"2010-08-04",9.02,9.35,8.98,9.32,21394100
"2010-08-05",9.35,9.46,9.18,9.44,20019083
"2010-08-06",9.4,9.65,9.32,9.55,18504102
"2010-08-09",9.65,9.66,9.4,9.64,11662638
"2010-08-10",9.48,9.5,9.2,9.24,19313973
"2010-08-11",9.05,9.05,8.85,8.88,19903666
"2010-08-12",8.72,9.16,8.65,8.96,33589914
"2010-08-13",9.25,9.52,9.23,9.39,44943717
"2010-08-16",9.26,9.45,9.03,9.15,20355825
"2010-08-17",9.24,9.44,9.15,9.27,12036885
"2010-08-18",9.24,9.4,9.18,9.32,8822997
"2010-08-19",9.42,9.91,9.37,9.88,40377440
"2010-08-20",9.81,10.21,9.8,9.97,32632825
"2010-08-23",10,10.25,9.79,9.82,18715485
"2010-08-24",9.5,9.82,9.48,9.72,16033283
"2010-08-25",9.61,10,9.56,9.92,18938725
"2010-08-26",10.05,10.16,9.8,9.8,16448981
"2010-08-27",9.86,10.2,9.61,10.12,26517115
"2010-08-30",10,10.08,9.64,9.64,15070953
"2010-08-31",9.5,9.8,9.3,9.32,23295878
"2010-09-01",9.47,9.59,9.34,9.4,21286589
"2010-09-02",9.43,9.6,9.34,9.57,14907937
"2010-09-03",9.8,9.93,9.68,9.9,14165444
"2010-09-07",9.87,10.22,9.85,9.99,22495458
"2010-09-08",10.01,10.39,9.9,10.32,30603896
"2010-09-09",10.45,10.46,10.05,10.18,17443630
"2010-09-10",10.25,10.28,9.98,10.07,15232216
"2010-09-13",10.25,10.77,10.24,10.64,25403203
"2010-09-14",10.55,10.68,10.45,10.54,17463309
"2010-09-15",10.44,10.57,10.3,10.56,13892566
"2010-09-16",10.42,10.66,10.42,10.56,9131967
"2010-09-17",10.67,10.68,10.52,10.55,10422289
"2010-09-20",10.55,10.75,10.45,10.71,11080452
"2010-09-21",10.65,11.47,10.65,11.29,44495135
"2010-09-22",11.25,11.49,11.18,11.39,25006731
"2010-09-23",11.52,11.98,11.42,11.62,31024647
"2010-09-24",11.88,12.3,11.79,12.26,27174329
"2010-09-27",12.35,12.36,11.84,12,24988546
"2010-09-28",12.01,12.14,11.76,11.97,18085012
"2010-09-29",11.86,12.23,11.75,11.88,24374075
"2010-09-30",12.03,12.17,11.58,11.68,19692330
"2010-10-01",11.85,11.87,11.26,11.35,24984553
"2010-10-04",11.24,11.43,11.01,11.24,18737532
"2010-10-05",11.48,11.5,11.29,11.32,18848752
"2010-10-06",11.32,11.37,10.67,10.78,26447943
"2010-10-07",10.83,10.84,10.38,10.7,19045872
"2010-10-08",10.66,10.95,10.51,10.86,17679077
"2010-10-11",10.91,11,10.76,10.81,11075041
"2010-10-12",10.72,11.07,10.63,11.02,15130183
"2010-10-13",11.2,11.5,11.08,11.34,24220288
"2010-10-14",11.35,11.37,11.11,11.16,14979261
"2010-10-15",11.34,11.47,11.16,11.29,16000083
"2010-10-18",11.3,11.41,11.1,11.36,11213883
"2010-10-19",11.11,11.37,11.02,11.29,21653337
"2010-10-20",11.3,11.6,11.1,11.29,19089701
"2010-10-21",11.3,11.32,10.92,11.09,25360684
"2010-10-22",11.16,11.89,11.04,11.8,33069658
"2010-10-25",11.89,12,11.78,11.91,16834614
"2010-10-26",11.77,12.05,11.67,11.87,16882248
"2010-10-27",11.76,12.08,11.73,12.04,12421238
"2010-10-28",12.2,12.24,11.94,12.05,17620461
"2010-10-29",12.03,12.15,11.9,12.02,13872645
"2010-11-01",12.1,12.29,11.94,12.04,11848207
"2010-11-02",12.09,12.49,12.02,12.28,14526076
"2010-11-03",12.37,12.46,12.05,12.38,16794678
"2010-11-04",12.5,12.63,12.38,12.4,17500355
"2010-11-05",12.49,12.72,12.43,12.6,18379982
"2010-11-08",12.6,12.77,12.5,12.66,15129109
"2010-11-09",12.66,12.76,12.52,12.59,15857579
"2010-11-10",12.68,12.74,12.5,12.74,13028711
"2010-11-11",12.44,12.82,12.27,12.61,27249456
"2010-11-12",13.09,13.68,13.03,13.26,53563896
"2010-11-15",13.32,13.51,13.07,13.1,18346135
"2010-11-16",12.88,13.06,12.69,12.71,18486450
"2010-11-17",12.7,13.07,12.58,12.92,13794481
"2010-11-18",13.09,13.45,13.09,13.32,24831876
"2010-11-19",13.29,13.8,13.27,13.75,17915198
"2010-11-22",13.66,13.84,13.54,13.76,11566687
"2010-11-23",13.6,13.74,13.34,13.44,11446213
"2010-11-24",13.58,13.82,13.57,13.77,9946748
"2010-11-26",13.76,13.84,13.6,13.6,3577967
"2010-11-29",13.54,13.8,13.48,13.75,11705762
"2010-11-30",13.54,13.68,13.36,13.61,18023328
"2010-12-01",13.88,14.3,13.86,14.21,15663618
"2010-12-02",14.21,14.47,14.2,14.38,13232812
"2010-12-03",14.31,14.79,14.28,14.79,15152794
"2010-12-06",14.84,14.87,14.45,14.51,10965202
"2010-12-07",14.85,15.33,14.82,14.98,25670218
"2010-12-08",14.96,15.27,14.85,15.11,15336171
"2010-12-09",14.75,14.96,14.54,14.86,23562048
"2010-12-10",14.86,15.09,14.82,14.95,11297538
"2010-12-13",15.01,15.04,14.53,14.57,15228150
"2010-12-14",14.85,15.12,14.57,14.59,18881820
"2010-12-15",14.62,14.8,14.25,14.27,15604781
"2010-12-16",14.42,14.5,14.25,14.29,15798257
"2010-12-17",14.3,14.45,14.13,14.37,14836529
"2010-12-20",14.42,14.49,14.3,14.31,8603355
"2010-12-21",14.45,14.87,14.44,14.87,11675017
"2010-12-22",14.84,15.05,14.7,15.03,11951270
"2010-12-23",15.03,15.03,14.86,14.92,6844574
"2010-12-27",14.88,15.11,14.61,15,6390624
"2010-12-28",15,15.1,14.85,14.94,4856433
"2010-12-29",14.93,15.05,14.8,14.94,4441780
"2010-12-30",14.92,15.08,14.87,14.99,4362323
"2010-12-31",15,15.42,14.98,15.4,9782457
"2011-01-03",15.52,15.97,15.5,15.82,20437816
"2011-01-04",15.85,15.92,15.42,15.77,16285614
"2011-01-05",16.06,17,15.9,16.98,35705315
"2011-01-06",17.42,19.34,17.37,19.33,87332731
"2011-01-07",19.11,19.93,18.68,19.87,64509431
"2011-01-10",19.51,20.67,19.36,20.63,43758679
"2011-01-11",20.91,21.11,19.87,20.31,67786552
"2011-01-12",20.32,23.37,20.25,23.35,85797305
"2011-01-13",23.1,23.84,22.38,23.39,67408791
"2011-01-14",22.99,23.98,22.85,23.59,39883784
"2011-01-18",23.27,23.43,22.47,23.04,45333655
"2011-01-19",23.05,23.6,22.36,22.41,29947373
"2011-01-20",22.19,22.56,21.79,22.43,27791260
"2011-01-21",22.67,22.99,22.18,22.22,18485615
"2011-01-24",23.24,25.05,22.98,24.73,51431556
"2011-01-25",24.62,24.88,23.81,23.97,27171368
"2011-01-26",24.22,25,24.05,24.54,26866413
"2011-01-27",24.89,24.95,24,24.47,16442057
"2011-01-28",24.53,24.94,23.2,23.76,27373407
"2011-01-31",23.8,24.25,23.41,23.92,18753913
"2011-02-01",24.13,24.65,23.97,24.47,16357438
"2011-02-02",24.33,26.17,24.33,25.58,40165339
"2011-02-03",25.62,25.62,24.55,25.1,25778514
"2011-02-04",25.45,25.87,25.35,25.67,21822434
"2011-02-07",25.32,25.43,24.51,24.6,23355898
"2011-02-08",24.63,24.78,23.76,23.87,26922257
"2011-02-09",23.96,24.2,22.86,23.29,31937936
"2011-02-10",22.77,23.21,22.6,22.82,26058758
"2011-02-11",22.74,24.21,22.37,23.47,33981840
"2011-02-14",23.75,24.5,23.02,23.11,32195627
"2011-02-15",23.15,23.23,22.45,22.55,22174444
"2011-02-16",22.85,23.71,22.77,23.38,32959065
"2011-02-17",22.72,26.01,22.61,25.68,86752225
"2011-02-18",25.54,25.95,25.23,25.63,34863217
"2011-02-22",24.79,24.86,23.13,23.21,34916160
"2011-02-23",23.21,23.43,21.78,22.11,37290056
"2011-02-24",22.22,23.04,22.06,22.65,31152947
"2011-02-25",23.26,23.5,22.94,23.12,19396168
"2011-02-28",23.5,23.51,22.14,22.66,22596696
"2011-03-01",22.7,22.99,21.65,21.65,24711116
"2011-03-02",21.62,22.03,20.25,20.75,42953482
"2011-03-03",21.23,21.35,20.24,20.87,39842562
"2011-03-04",20.89,21.1,20.53,20.76,23996807
"2011-03-07",20.91,20.98,19.95,20.47,25480259
"2011-03-08",20.69,20.8,19.12,19.55,48688559
"2011-03-09",19.49,19.68,18.97,19.14,32976063
"2011-03-10",18.7,18.84,17.9,17.92,43110640
"2011-03-11",18.06,18.55,17.66,18.05,37176259
"2011-03-14",18.19,18.65,17.9,18.2,25095749
"2011-03-15",17.31,17.96,17.01,17.66,31406999
"2011-03-16",17.5,18.35,17.3,17.53,36911549
"2011-03-17",18,18.03,17.2,17.86,30971942
"2011-03-18",18.14,18.2,17.6,17.62,22173961
"2011-03-21",18,18.18,17.58,17.76,18801784
"2011-03-22",17.71,17.88,17.37,17.44,17968500
"2011-03-23",17.42,17.86,17.04,17.81,19566042
"2011-03-24",18.19,19.45,18.15,19.23,44514709
"2011-03-25",19.4,19.44,18.6,18.63,29916617
"2011-03-28",19.07,19.64,18.9,19.32,30107089
"2011-03-29",19.32,19.39,18.91,19.17,17900480
"2011-03-30",19.32,19.4,18.21,18.45,29407936
"2011-03-31",18.48,18.68,18.12,18.46,16383614
"2011-04-01",18.7,18.72,17.95,18.2,21251712
"2011-04-04",18.2,18.25,17.42,17.55,23108110
"2011-04-05",17.81,17.95,17.54,17.58,20529948
"2011-04-06",17.71,17.73,17.31,17.46,21429972
"2011-04-07",17.5,18.21,17.43,18.1,25530145
"2011-04-08",18.24,18.24,17.5,17.55,18670605
"2011-04-11",17.62,17.71,17.13,17.32,13655149
"2011-04-12",17.15,17.49,16.83,17.37,21030897
"2011-04-13",17.55,17.87,17.33,17.76,18739626
"2011-04-14",17.6,18.52,17.5,18.51,31370181
"2011-04-15",18.37,18.94,18.28,18.71,24242916
"2011-04-18",18.27,18.39,17.8,18.09,18589507
"2011-04-19",18.1,18.17,17.53,18.02,16496497
"2011-04-20",18.68,18.95,18.27,18.57,16262890
"2011-04-21",18.77,18.88,18.48,18.52,10534546
"2011-04-25",18.6,19.12,18.59,18.81,15493266
"2011-04-26",18.97,19.49,18.78,19.3,16918795
"2011-04-27",19.4,19.4,18.9,19.3,11255180
"2011-04-28",19.3,19.9,19.08,19.51,17137012
"2011-04-29",19.64,20.44,19.61,20,20896729
"2011-05-02",20.42,20.43,19.63,19.73,15348929
"2011-05-03",19.5,19.56,18.55,18.79,20239049
"2011-05-04",18.85,19.06,18.3,18.65,15984400
"2011-05-05",18.5,18.88,18.25,18.66,13576655
"2011-05-06",19.05,19.5,18.9,19.32,21028644
"2011-05-09",19.38,19.85,19.33,19.75,17660685
"2011-05-10",19.91,19.93,19.58,19.78,17274378
"2011-05-11",19.88,20.08,19.6,19.87,15442289
"2011-05-12",19.8,20.52,19.75,20.5,30585483
"2011-05-13",19.2,19.25,18.12,18.26,50637715
"2011-05-16",18.21,18.25,17.69,17.7,18220874
"2011-05-17",17.64,17.65,17.12,17.63,35512298
"2011-05-18",17.7,18.19,17.64,18.04,16475867
"2011-05-19",18.18,18.19,17.51,17.78,16282011
"2011-05-20",17.74,18.13,17.66,18.09,14398389
"2011-05-23",17.83,18.2,17.6,18.07,14682085
"2011-05-24",18.16,18.87,18.11,18.14,18017593
"2011-05-25",18.05,18.48,17.87,18.36,13632702
"2011-05-26",18.36,18.98,18.31,18.82,17663918
"2011-05-27",18.9,19.53,18.88,19.5,16475740
"2011-05-31",19.88,20.05,19.4,20.04,30024993
"2011-06-01",19.95,19.98,19.1,19.14,19060785
"2011-06-02",19.17,19.31,18.82,19.04,15195217
"2011-06-03",18.83,19,18.37,18.46,13735050
"2011-06-06",18.46,18.6,18.05,18.07,10904408
"2011-06-07",18.21,18.31,17.98,18.06,10851431
"2011-06-08",17.97,18.08,17.43,17.57,14232109
"2011-06-09",17.56,17.6,16.74,17.37,18541811
"2011-06-10",17.4,17.5,16.98,17.12,12339458
"2011-06-13",17.12,17.34,16.88,17,14369208
"2011-06-14",17.15,17.52,17.07,17.14,13368581
"2011-06-15",16.91,17.01,16.42,16.77,23400083
"2011-06-16",16.78,17.04,15.95,16.19,25624214
"2011-06-17",16.38,16.39,15.31,15.8,36699643
"2011-06-20",15.67,16,15.5,15.62,18648969
"2011-06-21",15.68,16.08,15.53,15.96,17607398
"2011-06-22",15.85,16.06,15.71,15.74,16293088
"2011-06-23",15.54,16.32,15.4,16.21,18604711
"2011-06-24",16.13,16.27,15.64,15.74,13229729
"2011-06-27",15.74,15.84,14.86,15.41,28553786
"2011-06-28",15.41,15.68,15.3,15.5,17305594
"2011-06-29",15.6,15.9,15.06,15.74,24014216
"2011-06-30",15.78,16.11,15.54,15.94,16308437
"2011-07-01",15.94,16.21,15.62,16.14,13520098
"2011-07-05",16.13,16.28,15.74,15.88,13384465
"2011-07-06",15.87,15.9,15.48,15.67,13240139
"2011-07-07",15.75,15.83,15.45,15.72,24653361
"2011-07-08",15.51,15.62,15.3,15.43,15488129
"2011-07-11",15.14,15.2,14.85,14.89,17862825
"2011-07-12",14.82,14.96,14.44,14.69,21690915
"2011-07-13",14.89,14.99,14.52,14.66,15859215
"2011-07-14",14.72,14.81,14.01,14.08,27228494
"2011-07-15",14.16,14.25,13.81,14.1,20694626
"2011-07-18",13.99,14.07,13.62,13.8,20455568
"2011-07-19",13.84,14.25,13.84,14.22,15055824
"2011-07-20",14.27,14.35,14,14.04,16582339
"2011-07-21",14.06,14.8,13.85,14.7,28594095
"2011-07-22",14.83,15.05,14.64,15,18429776
"2011-07-25",14.77,14.83,14.55,14.76,14173358
"2011-07-26",14.34,14.7,14.19,14.4,17459151
"2011-07-27",14.2,14.27,13.82,13.86,16311450
"2011-07-28",13.81,14.12,13.59,13.83,16205006
"2011-07-29",13.69,13.96,13.62,13.83,16942079
"2011-08-01",14.15,14.61,14.03,14.57,25499386
"2011-08-02",14.47,14.84,14.31,14.61,43057734
"2011-08-03",14.61,14.86,14.31,14.81,19133973
"2011-08-04",14.54,14.54,13.4,13.4,24495845
"2011-08-05",13.71,13.88,12.6,12.95,31765989
"2011-08-08",12.32,12.76,11.85,11.93,27106477
"2011-08-09",12.16,12.95,12,12.93,33247288
"2011-08-10",12.55,12.91,12.27,12.34,28501252
"2011-08-11",12.34,13.59,12.34,13.41,26969714
"2011-08-12",14.84,14.86,12.67,12.88,79894601
"2011-08-15",13.01,13.4,12.94,13.37,21606213
"2011-08-16",13.22,13.4,12.75,12.99,17931496
"2011-08-17",13.03,13.25,12.64,12.81,13833884
"2011-08-18",12.23,12.35,11.8,11.94,20069787
"2011-08-19",11.74,12.39,11.65,11.73,19035739
"2011-08-22",12.06,12.2,11.8,11.94,15299011
"2011-08-23",12.23,13.24,12.21,13.23,23459745
"2011-08-24",13.2,13.24,12.7,13.04,17187443
"2011-08-25",12.78,13.01,12.46,12.48,17274159
"2011-08-26",12.43,13.14,12.21,13.01,18317660
"2011-08-29",13.38,13.41,13.07,13.36,15046083
"2011-08-30",13.27,13.79,13.18,13.68,17123389
"2011-08-31",13.78,13.92,13.2,13.31,17647871
"2011-09-01",13.49,13.78,13.27,13.28,19059351
"2011-09-02",12.98,13.16,12.82,12.92,11783836
"2011-09-06",12.5,13.21,12.38,13.18,17406160
"2011-09-07",14.25,14.64,13.86,14.25,40165404
"2011-09-08",14.11,14.45,13.95,14.18,22008568
"2011-09-09",14.06,14.44,13.76,13.88,21745658
"2011-09-12",13.69,14.33,13.69,14.21,22911938
"2011-09-13",14.33,14.6,14.11,14.53,21345900
"2011-09-14",14.91,15.47,14.9,15.28,38686265
"2011-09-15",15.62,15.7,15.36,15.5,18822648
"2011-09-16",15.53,16.1,15.38,15.46,34789618
"2011-09-19",15.2,15.31,14.75,15.14,24205086
"2011-09-20",15.33,15.39,14.68,14.75,19810897
"2011-09-21",14.83,15.08,14.46,14.46,17888513
"2011-09-22",13.9,13.92,13.25,13.51,32865773
"2011-09-23",13.43,14.18,13.35,13.79,25295169
"2011-09-26",13.96,14,13.2,13.82,24303023
"2011-09-27",14.17,14.29,13.73,13.84,19535680
"2011-09-28",13.87,14.22,13.2,13.42,30913224
"2011-09-29",13.66,13.89,12.75,13.09,21665363
"2011-09-30",12.88,12.95,12.49,12.51,16960726
"2011-10-03",12.35,12.74,11.81,11.81,23751307
"2011-10-04",11.52,12.9,11.47,12.9,34042594
"2011-10-05",12.87,13.48,12.61,13.36,21423392
"2011-10-06",13.43,13.93,13.41,13.89,19332167
"2011-10-07",13.95,14.36,13.66,14.15,20177799
"2011-10-10",14.39,14.78,14.36,14.78,13359387
"2011-10-11",14.66,14.9,14.57,14.62,20410174
"2011-10-12",14.9,14.91,14.6,14.61,15305072
"2011-10-13",14.54,15.49,14.5,15.46,21370722
"2011-10-14",15.73,15.89,15.34,15.72,17570763
"2011-10-17",15.54,15.54,14.86,14.94,15296689
"2011-10-18",14.86,15.52,14.77,15.48,14774030
"2011-10-19",15.5,15.77,15.12,15.17,13942165
"2011-10-20",14.76,14.82,13.84,14.41,24763378
"2011-10-21",14.59,14.83,14.24,14.48,15713951
"2011-10-24",14.54,15.25,14.51,15.02,13381588
"2011-10-25",14.81,14.93,14.42,14.45,14451086
"2011-10-26",14.73,14.81,14.2,14.62,12580782
"2011-10-27",15.16,15.4,14.82,15.25,14447705
"2011-10-28",15.12,15.74,15.08,15.6,12254622
"2011-10-31",15.1,15.19,14.8,14.8,13006058
"2011-11-01",14.26,14.3,13.92,14.06,19776107
"2011-11-02",14.2,14.27,13.53,13.82,24052336
"2011-11-03",13.97,14.68,13.6,14.65,18734278
"2011-11-04",14.52,14.87,14.29,14.82,16380312
"2011-11-07",14.71,14.96,14.4,14.74,15341572
"2011-11-08",14.93,15.17,14.69,15.08,13746594
"2011-11-09",14.73,14.92,14.26,14.32,13309636
"2011-11-10",14.67,14.82,14.11,14.47,24762018
"2011-11-11",14.88,15.1,14.07,14.98,43798157
"2011-11-14",14.98,15.13,14.65,14.69,12510972
"2011-11-15",14.55,14.98,14.51,14.88,12644108
"2011-11-16",14.6,14.99,14.53,14.58,12815668
"2011-11-17",14.55,14.59,13.8,14.06,16439665
"2011-11-18",14.14,14.14,13.78,13.93,12537292
"2011-11-21",13.71,14.77,13.5,14.63,33269626
"2011-11-22",14.79,15.16,14.7,15.08,32191345
"2011-11-23",14.92,15.03,14.43,14.44,20633912
"2011-11-25",14.25,14.58,14,14.04,10165406
"2011-11-28",14.5,15.05,14.5,14.83,17265914
"2011-11-29",14.81,15.1,14.67,14.91,15593537
"2011-11-30",15.36,15.67,15.23,15.63,18259095
"2011-12-01",15.5,15.86,15.43,15.82,13246874
"2011-12-02",15.99,16.05,15.57,15.72,13662984
"2011-12-05",15.98,16,15.35,15.48,16118161
"2011-12-06",15.57,15.6,15.1,15.26,14345771
"2011-12-07",15.16,15.28,14.85,15.17,12750900
"2011-12-08",15.02,15.27,14.64,14.69,12288755
"2011-12-09",14.58,15.02,14.38,14.9,13896485
"2011-12-12",14.58,14.64,14.26,14.53,14333334
"2011-12-13",14.72,14.9,14.04,14.13,12914883
"2011-12-14",14.01,14.09,13.43,13.58,15901947
"2011-12-15",13.81,13.9,13.43,13.46,10881738
"2011-12-16",13.57,13.83,13.45,13.51,15479668
"2011-12-19",13.57,13.73,13.11,13.16,11585844
"2011-12-20",13.46,13.95,13.46,13.9,11138012
"2011-12-21",13.82,13.97,13.45,13.72,13710540
"2011-12-22",13.76,14.35,13.76,14.3,14416187
"2011-12-23",14.38,14.4,14.05,14.17,6223688
"2011-12-27",14.11,14.28,14.02,14.06,4893716
"2011-12-28",14.06,14.09,13.7,13.71,5849109
"2011-12-29",13.85,14,13.65,13.97,5277991
"2011-12-30",13.92,14.07,13.84,13.86,4674082
"2012-01-03",14.3,14.4,14.01,14.04,11703338
"2012-01-04",14.05,14.26,13.92,14.2,8684216
"2012-01-05",14.13,14.78,14.07,14.71,14089284
"2012-01-06",14.7,14.71,14.37,14.54,13341151
"2012-01-09",14.55,14.82,14.44,14.54,12708863
"2012-01-10",14.76,14.77,14.38,14.48,13659484
"2012-01-11",14.35,14.48,14.13,14.19,12108921
"2012-01-12",14.22,14.23,13.79,14.1,16309571
"2012-01-13",14,14.03,13.66,13.73,12609701
"2012-01-17",13.94,13.94,13.5,13.52,15679825
"2012-01-18",13.78,14.09,13.7,13.98,15823933
"2012-01-19",14.1,14.37,13.95,14.35,15207925
"2012-01-20",14.33,14.5,14.17,14.22,13656710
"2012-01-23",14.23,14.62,14.05,14.61,14073674
"2012-01-24",14.51,15,14.5,14.94,18273000
"2012-01-25",14.54,14.89,14.12,14.85,31861141
"2012-01-26",15.07,15.24,14.63,14.71,19995196
"2012-01-27",14.62,14.99,14.5,14.91,11253705
"2012-01-30",14.65,14.87,14.43,14.8,9976870
"2012-01-31",14.84,14.85,14.51,14.77,8947428
"2012-02-01",14.94,15.1,14.73,14.93,10700480
"2012-02-02",15.01,15.55,14.86,15.48,17411491
"2012-02-03",15.72,15.95,15.69,15.82,12388778
"2012-02-06",15.74,15.76,15.56,15.7,6972667
"2012-02-07",15.72,15.83,15.46,15.74,10257531
"2012-02-08",15.74,16.62,15.66,16.31,21191229
"2012-02-09",16.51,16.6,16.27,16.3,14050995
"2012-02-10",16.14,16.2,15.81,15.9,11007217
"2012-02-13",16.3,16.36,15.82,16.15,15272031
"2012-02-14",16.15,16.38,16.01,16.24,11350467
"2012-02-15",16.39,16.9,16.13,16.17,27771364
"2012-02-16",15.06,16.58,15,16.45,47223210
"2012-02-17",16.46,16.57,15.7,15.85,25512430
"2012-02-21",15.84,16.32,15.81,15.92,12955217
"2012-02-22",15.85,16.24,15.8,15.82,12312086
"2012-02-23",15.85,16,15.6,15.91,8099102
"2012-02-24",15.96,15.98,15.72,15.79,9167727
"2012-02-27",15.59,15.66,15.24,15.47,18634252
"2012-02-28",15.47,15.65,15.17,15.33,17498048
"2012-02-29",15.38,15.64,15.14,15.15,17231357
"2012-03-01",15.21,15.43,15.15,15.25,11249134
"2012-03-02",15.2,15.6,15.2,15.38,17101859
"2012-03-05",15.27,15.3,14.75,14.86,12877763
"2012-03-06",14.69,14.81,14.46,14.72,11785700
"2012-03-07",14.8,14.87,14.6,14.81,11049586
"2012-03-08",14.85,15.01,14.77,14.86,10771486
"2012-03-09",14.9,15.01,14.74,14.82,9195823
"2012-03-12",14.88,14.98,14.55,14.58,7498730
"2012-03-13",14.65,14.87,14.58,14.79,13838184
"2012-03-14",14.79,14.82,14.32,14.36,18396991
"2012-03-15",14.41,14.66,14.36,14.58,9564493
"2012-03-16",14.59,14.66,14.51,14.6,10708843
"2012-03-19",14.68,14.75,14.57,14.64,10135502
"2012-03-20",14.56,14.56,14.27,14.4,11241227
"2012-03-21",14.4,14.59,14.24,14.46,11696563
"2012-03-22",14.35,14.56,14.31,14.44,10635444
"2012-03-23",14.4,14.59,14.3,14.54,7886589
"2012-03-26",14.69,14.79,14.55,14.72,7215483
"2012-03-27",14.78,15,14.75,14.82,10507623
"2012-03-28",15.01,15.36,14.9,15.16,22311982
"2012-03-29",15.14,15.35,14.95,15.23,9317801
"2012-03-30",15.36,15.49,15.14,15.4,13181903
"2012-04-02",15.36,15.49,15.11,15.33,10194318
"2012-04-03",15.44,15.46,15,15.08,10763020
"2012-04-04",14.85,15.04,14.56,14.65,12398136
"2012-04-05",14.67,14.85,14.58,14.63,9233270
"2012-04-09",14.4,14.49,14.16,14.44,9137855
"2012-04-10",14.38,14.58,14.09,14.16,11761581
"2012-04-11",14.35,14.65,14.3,14.34,9324274
"2012-04-12",14.36,14.76,14.3,14.68,9621629
"2012-04-13",14.55,14.62,14.15,14.16,7783029
"2012-04-16",14.26,14.3,13.76,13.99,11591106
"2012-04-17",14.03,14.2,13.97,14.02,11519917
"2012-04-18",13.93,14,13.7,13.87,10019076
"2012-04-19",13.69,14.21,13.59,13.66,16682464
"2012-04-20",13.74,13.78,13.36,13.39,12740924
"2012-04-23",13.16,13.28,12.91,13.23,17656234
"2012-04-24",13.27,13.38,12.75,12.82,18260959
"2012-04-25",13.01,13.18,12.77,13.08,18178814
"2012-04-26",13.07,13.2,12.98,13.09,13480351
"2012-04-27",13.07,13.14,12.84,12.98,11883834
"2012-04-30",12.91,13.07,12.82,13,6560297
"2012-05-01",12.93,13.37,12.93,13.23,10220088
"2012-05-02",13.18,13.23,12.78,12.85,17101239
"2012-05-03",12.88,12.96,12.55,12.63,10489016
"2012-05-04",12.55,12.62,12.26,12.26,13631042
"2012-05-07",12.48,12.69,12.37,12.47,15110990
"2012-05-08",12.36,12.54,12.14,12.46,11557988
"2012-05-09",12.24,12.61,12.12,12.51,13017921
"2012-05-10",12.63,12.65,12.22,12.42,14927203
"2012-05-11",13.45,13.68,13.16,13.21,35884745
"2012-05-14",13.1,13.33,12.83,13.13,10944415
"2012-05-15",13.13,13.42,12.94,13,15000016
"2012-05-16",13.02,13.17,12.7,12.74,11767073
"2012-05-17",12.79,12.91,12.65,12.65,8385998
"2012-05-18",12.68,12.74,12.02,12.08,14183399
"2012-05-21",12.1,12.35,12.02,12.29,10408963
"2012-05-22",12.28,12.3,11.96,12.14,10258486
"2012-05-23",12.01,12.46,11.82,12.44,12395821
"2012-05-24",12.51,12.53,12.02,12.11,13010829
"2012-05-25",12.1,12.5,12.1,12.4,9793870
"2012-05-29",12.6,12.8,12.55,12.72,7750437
"2012-05-30",12.58,12.67,12.35,12.57,9494793
"2012-05-31",12.57,12.62,12.27,12.43,8954822
"2012-06-01",12.17,12.29,11.96,11.98,11027470
"2012-06-04",12.04,12.11,11.63,11.73,10824315
"2012-06-05",11.67,12.1,11.67,12.06,9130955
"2012-06-06",12.16,12.42,12.07,12.39,9225138
"2012-06-07",12.57,12.64,11.88,11.89,13171593
"2012-06-08",11.93,12.16,11.91,12.12,9265131
"2012-06-11",12.51,12.73,12.23,12.26,20980682
"2012-06-12",12.4,12.63,12.38,12.51,12410242
"2012-06-13",12.5,12.53,12.12,12.18,12370002
"2012-06-14",12.16,12.26,11.91,12.03,14751544
"2012-06-15",12.12,12.3,12.01,12.29,9637079
"2012-06-18",12.2,12.5,12.1,12.4,7610565
"2012-06-19",12.91,13.43,12.85,13.24,24014021
"2012-06-20",13.37,13.7,13.29,13.45,24322181
"2012-06-21",13.44,13.44,12.81,12.84,12912374
"2012-06-22",13,13.15,12.82,13,21633941
"2012-06-25",13.01,13.05,12.54,12.59,12365339
"2012-06-26",12.66,12.82,12.48,12.73,10930186
"2012-06-27",12.74,13.23,12.74,13.14,12655089
"2012-06-28",13.02,13.32,12.91,13.24,13650998
"2012-06-29",13.55,13.85,13.54,13.82,15414631
"2012-07-02",13.89,13.9,13.34,13.44,14542420
"2012-07-03",13.45,13.83,13.44,13.8,5483773
"2012-07-05",13.71,13.77,13.45,13.66,7002927
"2012-07-06",13.56,13.6,13.25,13.4,9568987
"2012-07-09",13.32,13.38,13.11,13.22,7659746
"2012-07-10",13.08,13.47,12.72,12.82,12800888
"2012-07-11",12.86,13.02,12.55,12.61,12135658
"2012-07-12",12.47,12.49,12.28,12.4,11803985
"2012-07-13",12.41,12.62,12.33,12.56,8106829
"2012-07-16",12.48,12.7,12.36,12.6,8362493
"2012-07-17",12.64,12.71,12.16,12.37,11186970
"2012-07-18",12.34,13.24,12.28,13.06,15403316
"2012-07-19",13.15,13.36,13.06,13.18,10075900
"2012-07-20",13.11,13.2,12.67,12.8,11276770
"2012-07-23",12.47,13.07,12.33,12.98,11293530
"2012-07-24",13,13.08,12.68,12.84,8779263
"2012-07-25",12.8,13.22,12.74,13.09,10377037
"2012-07-26",13.33,13.48,13.05,13.15,8461413
"2012-07-27",13.2,13.52,13.1,13.48,9412868
"2012-07-30",13.48,13.65,13.22,13.33,9088710
"2012-07-31",13.33,13.73,13.31,13.54,9694627
"2012-08-01",13.62,13.75,13.33,13.39,8397777
"2012-08-02",13.32,13.64,13.1,13.44,9197768
"2012-08-03",13.65,13.86,13.33,13.72,8163636
"2012-08-06",13.85,14.08,13.83,14.01,9011753
"2012-08-07",14.18,14.3,14.07,14.15,10185456
"2012-08-08",14.14,14.38,14.1,14.23,12934189
"2012-08-09",14.25,14.74,14.23,14.71,20557490
"2012-08-10",15.1,15.22,14.43,14.62,31971799
"2012-08-13",14.64,14.82,14.58,14.81,11182924
"2012-08-14",14.86,14.88,14.53,14.59,9724901
"2012-08-15",14.64,14.76,14.4,14.48,14860411
"2012-08-16",14.61,14.82,14.56,14.78,9278652
"2012-08-17",14.78,14.78,14.52,14.65,7748035
"2012-08-20",14.6,14.67,14.43,14.65,7866227
"2012-08-21",14.7,14.79,14.46,14.61,8506158
"2012-08-22",14.52,14.7,14.47,14.64,7839785
"2012-08-23",14.61,14.62,14.25,14.3,9480902
"2012-08-24",14.31,14.67,14.28,14.6,8693058
"2012-08-27",14.59,14.63,14.34,14.35,8523654
"2012-08-28",14.24,14.43,14.21,14.29,7769831
"2012-08-29",14.28,14.41,14.25,14.32,6261160
"2012-08-30",14.29,14.34,13.98,14.05,7687782
"2012-08-31",14.15,14.25,13.89,14.03,12126789
"2012-09-04",13.8,13.85,13.15,13.28,17362198
"2012-09-05",13.33,13.52,13.18,13.32,12006333
"2012-09-06",13.42,14.09,13.41,13.73,16434017
"2012-09-07",13.38,13.49,12.95,13.4,19528350
"2012-09-10",13.37,13.56,13.25,13.28,9278413
"2012-09-11",13.27,13.65,13.22,13.44,9573195
"2012-09-12",13.55,13.66,13.42,13.59,8065236
"2012-09-13",13.71,13.76,13.42,13.68,10849542
"2012-09-14",13.67,14.08,13.67,13.84,8486696
"2012-09-17",13.87,13.87,13.31,13.46,12334061
"2012-09-18",13.31,13.71,13.3,13.55,9000171
"2012-09-19",13.58,13.9,13.42,13.71,11299397
"2012-09-20",13.68,13.75,13.5,13.61,8015174
"2012-09-21",13.63,13.75,13.58,13.66,8503353
"2012-09-24",13.45,13.68,13.42,13.66,8946789
"2012-09-25",13.84,13.9,13.39,13.41,12038580
"2012-09-26",13.36,13.36,13.02,13.18,10920348
"2012-09-27",13.21,13.3,13.1,13.28,13972284
"2012-09-28",13.22,13.53,13.04,13.34,12138027
"2012-10-01",13.4,13.48,13.07,13.12,12605884
"2012-10-02",13.21,13.21,13.02,13.17,7387224
"2012-10-03",13.2,13.24,12.97,13.04,10771823
"2012-10-04",13.07,13.7,13,13.62,12565356
"2012-10-05",13.66,13.8,13.25,13.3,12076617
"2012-10-08",13.25,13.31,13.07,13.17,6014833
"2012-10-09",13.15,13.19,12.85,12.89,9159497
"2012-10-10",12.83,12.89,12.62,12.67,8164193
"2012-10-11",12.79,12.83,12.64,12.74,8013936
"2012-10-12",12.65,12.75,12.55,12.63,6517305
"2012-10-15",12.65,12.8,12.5,12.79,6239431
"2012-10-16",12.9,13.2,12.78,13.16,9193928
"2012-10-17",13,13.12,12.87,13.06,9793764
"2012-10-18",13.03,13.03,12.8,12.86,6369380
"2012-10-19",12.67,12.76,12.04,12.1,17744210
"2012-10-22",12.16,12.23,11.87,11.97,12021439
"2012-10-23",11.86,12.41,11.83,12.33,14349047
"2012-10-24",12.41,12.46,12.05,12.17,8322808
"2012-10-25",12.27,12.4,12.13,12.18,7683905
"2012-10-26",12.2,12.27,12.05,12.05,9734562
"2012-10-31",12.1,12.2,11.95,11.98,8677795
"2012-11-01",12.04,12.56,12.03,12.55,11830946
"2012-11-02",12.68,12.7,12.41,12.49,6417489
"2012-11-05",12.46,13.07,12.46,13.02,11120961
"2012-11-06",13.05,13.05,12.79,13.01,8770095
"2012-11-07",12.91,12.99,12.55,12.61,8115404
"2012-11-08",12.75,13.08,12.65,12.68,20975536
"2012-11-09",12.75,12.9,12.15,12.19,21158059
"2012-11-12",12.21,12.26,11.8,11.92,16093161
"2012-11-13",11.86,12.13,11.82,11.83,12303131
"2012-11-14",11.9,12.02,11.53,11.54,15485075
"2012-11-15",11.61,11.91,11.51,11.59,11668667
"2012-11-16",11.59,11.63,11.15,11.38,15614781
"2012-11-19",11.59,11.74,11.45,11.7,10103195
"2012-11-20",11.58,11.63,11.37,11.49,8426083
"2012-11-21",11.49,11.85,11.48,11.82,10557765
"2012-11-23",11.87,12.04,11.8,11.9,6923263
"2012-11-26",11.92,12.14,11.9,12.1,9115275
"2012-11-27",12.06,12.34,11.96,12.16,11285052
"2012-11-28",12.11,12.32,11.96,12.26,9958875
"2012-11-29",12.28,12.34,12,12.04,12217380
"2012-11-30",12.03,12.12,11.9,11.97,11513183
"2012-12-03",12.12,12.12,11.72,11.75,9785403
"2012-12-04",11.77,12.12,11.7,12.1,13203149
"2012-12-05",12,12.08,11.79,11.96,15826514
"2012-12-06",11.93,12.06,11.88,11.98,10322315
"2012-12-07",11.99,12.05,11.82,11.96,8457440
"2012-12-10",11.96,12.45,11.93,12.36,12841793
"2012-12-11",12.4,12.81,12.37,12.65,20418604
"2012-12-12",12.69,12.76,12.47,12.52,9985099
"2012-12-13",12.5,12.77,12.41,12.53,9444022
"2012-12-14",12.58,12.72,12.49,12.59,8466491
"2012-12-17",12.56,12.63,12.35,12.54,11131512
"2012-12-18",12.54,12.7,12.5,12.56,10411922
"2012-12-19",12.65,12.8,12.6,12.65,11463801
"2012-12-20",12.7,12.71,12.5,12.64,8358284
"2012-12-21",12.47,12.47,12.21,12.35,11555217
"2012-12-24",12.34,12.38,12.21,12.25,3188164
"2012-12-26",12.22,12.42,12.19,12.24,4920023
"2012-12-27",12.26,12.28,12.02,12.16,7495030
"2012-12-28",12.05,12.29,12.03,12.1,5514978
"2012-12-31",12.06,12.31,12.03,12.26,8167549
"2013-01-02",12.56,12.73,12.51,12.72,11971086
"2013-01-03",12.72,12.87,12.58,12.73,7472170
"2013-01-04",12.75,13.19,12.71,13.15,13126573
"2013-01-07",13.14,13.18,12.68,12.77,15271979
"2013-01-08",12.8,12.84,12.4,12.49,11660601
"2013-01-09",12.59,12.65,12.13,12.21,17378194
"2013-01-10",12.32,12.38,12.16,12.23,12659713
"2013-01-11",12.28,12.29,12.09,12.21,12830356
"2013-01-14",12.29,12.29,12.06,12.2,7642898
"2013-01-15",12.14,12.14,11.91,11.98,9398987
"2013-01-16",11.96,12.19,11.96,12.09,8434492
"2013-01-17",12.13,12.3,12.1,12.25,14521240
"2013-01-18",12.25,12.25,12.02,12.17,9927631
"2013-01-22",12.16,12.27,12.05,12.11,7705529
"2013-01-23",12.15,12.16,12,12.13,10550723
"2013-01-24",12.09,12.24,12.03,12.19,9927094
"2013-01-25",12.21,12.42,12.15,12.41,9847955
"2013-01-28",12.47,12.69,12.44,12.61,10562206
"2013-01-29",12.56,12.59,12.29,12.34,9726200
"2013-01-30",12.35,12.52,12.28,12.32,7190518
"2013-01-31",12.32,12.46,12.18,12.26,11766209
"2013-02-01",12.36,12.41,12.26,12.37,7220623
"2013-02-04",12.3,12.55,12.15,12.16,12794096
"2013-02-05",12.22,12.51,12.18,12.44,9183706
"2013-02-06",12.14,12.44,12.07,12.34,13270448
"2013-02-07",12.3,12.4,12.17,12.29,11004032
"2013-02-08",12.37,12.47,12.29,12.37,7681286
"2013-02-11",12.47,12.64,12.35,12.51,10207999
"2013-02-12",12.4,12.56,12.38,12.43,6945765
"2013-02-13",12.44,12.66,12.33,12.37,21409819
"2013-02-14",12.2,12.74,12.05,12.73,22051335
"2013-02-15",12.7,12.79,12.45,12.73,18346864
"2013-02-19",12.74,12.75,12.48,12.56,10838822
"2013-02-20",12.6,12.8,12.34,12.38,17826467
"2013-02-21",12.36,12.5,12.26,12.29,14510133
"2013-02-22",12.37,12.53,12.3,12.52,9253663
"2013-02-25",12.55,12.65,12.28,12.3,16111033
"2013-02-26",12.25,12.44,12.21,12.37,12187603
"2013-02-27",12.37,12.69,12.34,12.6,11924412
"2013-02-28",12.56,12.85,12.51,12.66,14784838
"2013-03-01",12.57,12.75,12.46,12.71,9734824
"2013-03-04",12.62,12.78,12.52,12.66,8842214
"2013-03-05",12.73,12.82,12.66,12.8,9154994
"2013-03-06",12.88,13,12.73,12.79,8573183
"2013-03-07",12.86,12.99,12.69,12.76,7875550
"2013-03-08",12.79,12.88,12.73,12.82,6162082
"2013-03-11",12.69,12.75,12.59,12.7,7493637
"2013-03-12",12.68,12.78,12.56,12.74,7771397
"2013-03-13",12.74,12.96,12.62,12.74,12145998
"2013-03-14",12.82,12.86,12.67,12.75,9582541
"2013-03-15",12.75,12.75,12.59,12.64,8894808
"2013-03-18",12.56,12.67,12.46,12.55,7457792
"2013-03-19",12.56,12.62,12.38,12.47,8886910
"2013-03-20",12.59,12.66,12.48,12.62,8514701
"2013-03-21",12.55,12.57,12.4,12.42,8475952
"2013-03-22",12.46,12.53,12.41,12.48,5811849
"2013-03-25",12.55,12.56,12.32,12.41,9052001
"2013-03-26",12.44,12.51,12.39,12.5,5814096
"2013-03-27",12.45,12.72,12.42,12.65,6373761
"2013-03-28",12.62,12.84,12.53,12.83,8731828
"2013-04-01",12.8,12.8,12.32,12.41,11070735
"2013-04-02",12.42,12.45,12.2,12.28,9288174
"2013-04-03",12.26,12.33,12.04,12.13,8828846
"2013-04-04",12.09,12.29,12.05,12.24,7368250
"2013-04-05",12.07,12.46,12.04,12.46,13783874
"2013-04-08",12.47,12.47,12.2,12.43,8166419
"2013-04-09",12.44,12.72,12.35,12.63,9514723
"2013-04-10",12.64,12.85,12.61,12.83,9617104
"2013-04-11",12.65,12.85,12.3,12.77,24230658
"2013-04-12",12.83,13.23,12.72,13.09,19264253
"2013-04-15",13.05,13.09,12.74,12.82,10761667
"2013-04-16",12.94,13.05,12.87,12.96,11721127
"2013-04-17",12.86,12.98,12.71,12.78,13325330
"2013-04-18",12.82,12.9,12.54,12.54,10063689
"2013-04-19",12.53,12.6,12.37,12.57,7575797
"2013-04-22",12.56,12.7,12.46,12.59,6139119
"2013-04-23",12.7,13.05,12.68,12.92,9425441
"2013-04-24",12.96,13.47,12.95,13.36,13914793
"2013-04-25",13.43,13.5,13.31,13.47,8830661
"2013-04-26",13.45,13.47,13.34,13.41,8108769
"2013-04-29",13.43,13.62,13.37,13.57,6742750
"2013-04-30",13.6,13.77,13.51,13.77,6917879
"2013-05-01",13.77,13.86,13.6,13.65,8532822
"2013-05-02",13.64,13.85,13.56,13.81,8087250
"2013-05-03",13.9,13.97,13.82,13.87,7346592
"2013-05-06",13.87,13.94,13.75,13.83,5428397
"2013-05-07",13.83,13.86,13.52,13.65,11201659
"2013-05-08",13.67,13.98,13.62,13.9,8352538
"2013-05-09",13.65,13.97,13.63,13.91,14169966
"2013-05-10",14.2,14.6,14.2,14.54,21531492
"2013-05-13",14.44,14.5,14.18,14.24,7251447
"2013-05-14",14.41,14.57,14.26,14.45,11353420
"2013-05-15",14.38,14.75,14.38,14.7,7830501
"2013-05-16",14.68,14.83,14.58,14.63,7709263
"2013-05-17",14.7,14.97,14.59,14.87,7803782
"2013-05-20",14.81,14.9,14.76,14.84,5909473
"2013-05-21",14.85,14.98,14.68,14.92,8945056
"2013-05-22",14.98,14.98,14.34,14.4,12010137
"2013-05-23",14.23,14.68,14.19,14.63,9847057
"2013-05-24",14.55,14.67,14.38,14.54,7082532
"2013-05-28",14.65,14.69,14.39,14.53,6982413
"2013-05-29",14.44,14.53,14.38,14.44,8376206
"2013-05-30",14.42,14.78,14.38,14.63,7113002
"2013-05-31",14.55,14.76,14.47,14.47,14437943
"2013-06-03",14.49,14.6,14.15,14.45,11112022
"2013-06-04",14.54,14.8,14.38,14.47,9091806
"2013-06-05",14.45,14.56,14.12,14.16,11613447
"2013-06-06",14.16,14.36,14.15,14.25,8527089
"2013-06-07",14.35,14.54,14.29,14.44,6864547
"2013-06-10",14.41,14.53,14.33,14.44,5603927
"2013-06-11",14.25,14.45,14.17,14.17,7392782
"2013-06-12",14.24,14.36,13.97,14.05,7814620
"2013-06-13",14,14.44,13.99,14.37,5907541
"2013-06-14",14.42,14.44,14.25,14.35,5896827
"2013-06-17",14.46,14.62,14.38,14.49,6383306
"2013-06-18",14.56,14.72,14.28,14.4,12169286
"2013-06-19",14.53,15.48,14.48,14.84,28993271
"2013-06-20",14.72,14.74,14.34,14.44,15717345
"2013-06-21",14.52,14.57,14.18,14.42,17856555
"2013-06-24",14.21,14.39,13.91,14.12,14519268
"2013-06-25",14.27,14.3,14.07,14.22,11435291
"2013-06-26",14.38,14.4,14.08,14.14,14495415
"2013-06-27",14.18,14.2,13.86,14.01,20200844
"2013-06-28",14.01,14.18,13.83,14.04,10788354
"2013-07-01",14.14,14.17,14.01,14.1,4988089
"2013-07-02",14.02,14.3,13.96,14.09,6409772
"2013-07-03",13.97,14.3,13.97,14.13,3509626
"2013-07-05",14.17,14.27,14.08,14.24,4617403
"2013-07-08",14.28,14.35,14.09,14.16,6552091
"2013-07-09",14.2,14.33,14.16,14.24,3934067
"2013-07-10",14.24,14.47,14.2,14.43,5207831
"2013-07-11",14.51,14.65,14.48,14.63,5996054
"2013-07-12",14.6,14.78,14.55,14.64,5408977
"2013-07-15",14.67,14.67,14.38,14.61,5033274
"2013-07-16",14.67,14.77,14.6,14.69,4064174
"2013-07-17",14.69,14.74,14.57,14.61,4155387
"2013-07-18",14.59,14.64,14.36,14.55,8614356
"2013-07-19",14.46,14.53,14.09,14.24,12013513
"2013-07-22",14.35,14.48,14.17,14.23,7309815
"2013-07-23",14.41,14.41,14.14,14.21,6169787
"2013-07-24",14.34,14.38,14.19,14.21,7106268
"2013-07-25",14.2,14.44,14.1,14.26,6082933
"2013-07-26",14.09,14.28,14.09,14.2,5683999
"2013-07-29",14.17,14.35,14.13,14.17,4488482
"2013-07-30",14.22,14.6,14.21,14.41,6652862
"2013-07-31",14.34,14.58,14.33,14.44,6753993
"2013-08-01",14.49,14.67,14.32,14.64,6941130
"2013-08-02",14.61,14.79,14.51,14.76,5240677
"2013-08-05",14.72,14.88,14.64,14.83,4630214
"2013-08-06",14.84,14.87,14.58,14.61,5165229
"2013-08-07",14.53,14.75,14.52,14.6,6113208
"2013-08-08",14.68,14.76,14.51,14.7,8642385
"2013-08-09",14.12,14.71,14.11,14.49,22655840
"2013-08-12",13.9,14.58,13.11,14.37,6439163
"2013-08-13",14.39,14.48,14.3,14.42,4941955
"2013-08-14",14.39,15.12,14.38,15.03,20720008
"2013-08-15",14.87,15.25,14.81,15.12,18090389
"2013-08-16",15.1,15.4,15.07,15.19,16511365
"2013-08-19",15.1,15.15,14.94,14.95,9835807
"2013-08-20",14.87,15.05,14.85,14.95,5855371
"2013-08-21",14.86,15.05,14.82,14.88,6538724
"2013-08-22",14.87,15.1,14.87,14.96,3227500
"2013-08-23",14.98,15.1,14.93,14.96,6131833
"2013-08-26",14.97,15.03,14.93,15,7508270
"2013-08-27",14.85,14.95,14.75,14.8,6936522
"2013-08-28",14.83,14.94,14.74,14.8,7970607
"2013-08-29",14.75,14.91,14.71,14.77,6905449
"2013-08-30",14.78,14.82,14.68,14.75,9452989
"2013-09-03",14.79,14.97,14.67,14.76,7117050
"2013-09-04",14.76,14.99,14.74,14.9,5552697
"2013-09-05",14.84,15,14.83,14.94,4372531
"2013-09-06",14.95,15.03,14.76,14.88,5669014
"2013-09-09",15,15.13,14.96,15.12,6161361
"2013-09-10",15.24,15.46,15.17,15.45,7306074
"2013-09-11",15.43,15.75,15.32,15.71,9902444
"2013-09-12",15.63,15.9,15.63,15.7,7595431
"2013-09-13",15.75,15.87,15.64,15.8,3992418
"2013-09-16",15.93,16.04,15.75,15.81,5889358
"2013-09-17",15.87,15.99,15.8,15.86,4215683
"2013-09-18",15.87,16.04,15.79,16,6704342
"2013-09-19",16.07,16.1,15.86,15.92,5689280
"2013-09-20",15.97,16.07,15.76,15.8,8900837
"2013-09-23",15.78,15.91,15.55,15.64,6781230
"2013-09-24",15.65,15.76,15.56,15.7,5743258
"2013-09-25",15.67,15.84,15.6,15.72,5834375
"2013-09-26",15.76,15.79,15.58,15.67,3720367
"2013-09-27",15.55,15.68,15.49,15.58,3798276
"2013-09-30",15.42,15.67,15.33,15.56,5669161
"2013-10-01",15.58,15.66,15.46,15.55,5677401
"2013-10-02",15.39,15.6,15.39,15.54,4050894
"2013-10-03",15.55,15.69,15.3,15.38,10919158
"2013-10-04",15.36,15.72,15.32,15.59,6155722
"2013-10-07",15.53,15.7,15.45,15.59,4248798
"2013-10-08",15.55,15.77,15.34,15.46,7267994
"2013-10-09",15.56,15.57,15.14,15.22,6896549
"2013-10-10",15.33,15.43,15.22,15.38,5587344
"2013-10-11",15.15,15.34,15.1,15.26,5342613
"2013-10-14",15.22,15.49,15.22,15.49,4165705
"2013-10-15",15.49,15.58,15.4,15.41,5221695
"2013-10-16",15.5,15.66,15.48,15.6,5251781
"2013-10-17",15.48,15.67,15.48,15.63,5333061
"2013-10-18",15.6,15.86,15.54,15.81,6376653
"2013-10-21",16,16.01,15.8,15.85,4875242
"2013-10-22",15.85,15.86,15.63,15.77,4486650
"2013-10-23",15.74,15.74,15.45,15.5,6305779
"2013-10-24",15.54,15.64,15.36,15.38,5910900
"2013-10-25",15.47,15.48,15.19,15.24,8262549
"2013-10-28",15.22,15.29,15,15.21,9850566
"2013-10-29",15.19,15.26,15.05,15.23,9698815
"2013-10-30",15.28,15.35,15.09,15.22,5100763
"2013-10-31",15.24,15.35,15.16,15.19,7334228
"2013-11-01",15.27,15.33,15.15,15.26,5153427
"2013-11-04",15.31,15.31,14.79,14.82,10257119
"2013-11-05",14.73,14.86,14.57,14.8,10559379
"2013-11-06",14.8,14.91,14.65,14.9,4951107
"2013-11-07",14.85,14.89,14.52,14.54,13826909
"2013-11-08",15,15.61,14.94,15.56,18364379
"2013-11-11",15.5,15.73,15.47,15.69,7442225
"2013-11-12",15.76,15.85,15.54,15.72,7901138
"2013-11-13",15.68,16.15,15.65,16.15,8319942
"2013-11-14",16.1,16.32,16.09,16.22,7699506
"2013-11-15",16.28,16.3,16.01,16.17,11258291
"2013-11-18",15.82,15.96,15.74,15.78,7924864
"2013-11-19",15.62,15.76,15.42,15.44,5167934
"2013-11-20",15.45,15.49,15.18,15.21,5119353
"2013-11-21",15.23,15.36,15.16,15.33,5339156
"2013-11-22",15.35,15.35,15.15,15.18,3966684
"2013-11-25",15.18,15.53,15.18,15.51,6205194
"2013-11-26",15.68,15.8,15.58,15.64,18830379
"2013-11-27",15.63,15.74,15.53,15.7,4531837
"2013-11-29",15.7,15.74,15.5,15.6,2924092
"2013-12-02",15.54,15.86,15.51,15.75,9346848
"2013-12-03",15.75,15.96,15.64,15.74,7264021
"2013-12-04",15.7,15.99,15.66,15.96,12329427
"2013-12-05",15.99,15.99,15.68,15.7,6795314
"2013-12-06",15.89,15.89,15.43,15.47,7025014
"2013-12-09",15.45,15.52,15.18,15.2,9632780
"2013-12-10",15.21,15.63,15.19,15.56,13106821
"2013-12-11",15.59,15.61,15.38,15.41,10353895
"2013-12-12",15.38,15.44,15.08,15.11,6468071
"2013-12-13",15.14,15.25,15,15.02,4614824
"2013-12-16",15.06,15.17,15.02,15.04,5944503
"2013-12-17",15.03,15.15,14.9,15.11,6856787
"2013-12-18",15.14,15.35,14.95,15.32,10655787
"2013-12-19",15.3,15.4,15.2,15.38,6465532
"2013-12-20",15.43,15.7,15.37,15.68,9552017
"2013-12-23",15.78,15.91,15.65,15.78,4214188
"2013-12-24",15.87,15.87,15.66,15.82,1990034
"2013-12-26",15.88,15.92,15.63,15.67,4223004
"2013-12-27",15.75,15.79,15.66,15.76,5274425
"2013-12-30",15.77,15.98,15.75,15.97,6205267
"2013-12-31",16,16.1,15.9,16.02,5894631
"2014-01-02",15.92,15.98,15.72,15.86,6502296
"2014-01-03",15.89,15.92,15.62,15.67,6483288
"2014-01-06",15.83,16,15.68,15.88,10237417
"2014-01-07",16.04,16.2,15.92,16.14,8332170
"2014-01-08",16.2,16.44,16.14,16.36,7704980
"2014-01-09",16.11,16.14,15.7,15.75,7305079
"2014-01-10",15.8,15.91,15.59,15.73,5462334
"2014-01-13",15.73,15.82,15.33,15.36,6083299
"2014-01-14",15.44,15.87,15.37,15.84,6045663
"2014-01-15",15.91,16.06,15.84,16.01,4376071
"2014-01-16",16.01,16.09,15.94,16.06,5516399
"2014-01-17",16.06,16.25,15.89,15.99,8510019
"2014-01-21",16.01,16.15,15.88,16.05,6151916
"2014-01-22",16.08,16.1,15.84,16.03,8448495
"2014-01-23",15.98,16.15,15.85,15.97,4625672
"2014-01-24",15.84,15.9,15.56,15.56,6206187
"2014-01-27",15.56,15.78,15.37,15.46,5845310
"2014-01-28",15.43,15.62,15.37,15.61,4199851
"2014-01-29",15.55,15.64,15.45,15.46,3963038
"2014-01-30",15.55,15.75,15.5,15.72,5072356
"2014-01-31",15.5,15.79,15.49,15.7,8383660
"2014-02-03",15.81,15.83,15.43,15.49,10793190
"2014-02-04",15.48,15.61,15.4,15.58,7017337
"2014-02-05",15.47,15.52,15.32,15.44,5366932
"2014-02-06",15.46,15.68,15.44,15.64,4209541
"2014-02-07",15.68,15.89,15.54,15.87,3934156
"2014-02-10",15.85,16.13,15.84,15.92,8109337
"2014-02-11",16.01,16.29,15.93,16.25,5887273
"2014-02-12",16.3,16.95,16.3,16.83,18640751
"2014-02-13",17.25,17.46,16.95,17.36,22572405
"2014-02-14",17.2,17.95,17.19,17.91,20442453
"2014-02-18",17.92,17.98,17.75,17.9,10727375
"2014-02-19",17.9,18.3,17.82,18.14,11261515
"2014-02-20",18.18,18.82,18.15,18.78,9952295
"2014-02-21",18.75,18.99,18.52,18.64,11276326
"2014-02-24",18.6,19.05,18.43,18.91,10081460
"2014-02-25",18.8,18.88,18.54,18.74,6063033
"2014-02-26",18.7,18.98,18.65,18.71,9022436
"2014-02-27",18.71,18.9,18.45,18.5,9721168
"2014-02-28",18.4,18.58,18.11,18.38,8042268
"2014-03-03",17.97,18.29,17.81,18.29,9398673
"2014-03-04",18.38,18.6,18.35,18.48,6512928
"2014-03-05",18.46,18.65,18.38,18.64,6037348
"2014-03-06",18.67,18.77,18.35,18.38,7253593
"2014-03-07",18.46,18.49,18.22,18.36,6711381
"2014-03-10",18.3,18.38,18.01,18.09,7522349
"2014-03-11",18.18,18.43,18.12,18.27,7433477
"2014-03-12",18.18,18.43,18.11,18.32,5988435
"2014-03-13",18.36,18.43,17.65,17.74,9629303
"2014-03-14",17.56,17.98,17.56,17.82,11501151
"2014-03-17",17.87,18,17.8,17.82,7492810
"2014-03-18",17.89,18.36,17.81,18.24,7347616
"2014-03-19",18.38,18.91,18.33,18.56,9154164
"2014-03-20",18.46,18.73,18.38,18.57,4795035
"2014-03-21",18.73,18.88,18.44,18.54,14152926
"2014-03-24",18.55,18.7,18.18,18.45,7652386
"2014-03-25",18.65,18.67,18.31,18.45,7610605
"2014-03-26",18.62,18.97,17.87,18.03,13944439
"2014-03-27",17.99,18.14,17.58,17.79,13518378
"2014-03-28",17.76,18.01,17.71,17.9,9970737
"2014-03-31",17.93,18.09,17.8,17.91,6835058
"2014-04-01",18.48,18.87,18.26,18.65,16408058
"2014-04-02",18.65,18.69,18.45,18.53,5998666
"2014-04-03",18.57,19.18,18.56,18.73,14991601
"2014-04-04",18.83,18.94,18.06,18.15,9200826
"2014-04-07",18.16,18.56,18.06,18.21,10714407
"2014-04-08",18.21,18.91,18.18,18.86,11767342
"2014-04-09",18.95,19.11,18.69,18.84,10549192
"2014-04-10",18.76,19.02,18.32,18.38,9321880
"2014-04-11",18.24,18.52,17.88,18.12,8827791
"2014-04-14",18.24,18.39,18.12,18.32,7254648
"2014-04-15",18.34,18.55,18.16,18.45,7615921
"2014-04-16",18.54,18.56,18.26,18.49,5878433
"2014-04-17",18.42,18.73,18.38,18.56,3838325
"2014-04-21",18.57,18.76,18.45,18.71,2925085
"2014-04-22",18.74,18.99,18.64,18.87,6379060
"2014-04-23",18.9,19.14,18.87,19.09,6539608
"2014-04-24",19.22,19.46,19.22,19.26,9787503
"2014-04-25",19.22,19.4,18.69,18.73,7840012
"2014-04-28",18.88,18.98,18.42,18.65,5669699
"2014-04-29",18.72,18.76,18.48,18.69,4282994
"2014-04-30",18.66,18.68,18.43,18.47,7644474
"2014-05-01",18.75,18.79,18.42,18.57,4952689
"2014-05-02",18.66,18.66,18.32,18.43,3909378
"2014-05-05",18.41,18.77,18.39,18.63,5981457
"2014-05-06",18.81,18.97,18.2,18.25,10404742
"2014-05-07",18.25,18.42,18.07,18.28,7350440
"2014-05-08",18.2,18.79,18.11,18.5,10818490
"2014-05-09",17.94,18.11,17.71,18.05,13488260
"2014-05-12",18.09,18.62,18.08,18.58,7496353
"2014-05-13",18.33,18.63,18.22,18.28,5527597
"2014-05-14",18.29,18.36,18.09,18.1,5358034
"2014-05-15",18.06,18.16,17.82,18,8147862
"2014-05-16",17.86,18.09,17.86,17.96,7098958
"2014-05-19",18.15,18.64,18.07,18.54,9002026
"2014-05-20",18.46,18.51,18.15,18.24,6405005
"2014-05-21",18.31,18.46,18.12,18.24,5417775
"2014-05-22",18.2,18.42,18.2,18.32,3259588
"2014-05-23",18.42,18.58,18.31,18.49,4566438
"2014-05-27",18.6,18.82,18.54,18.82,5242005
"2014-05-28",18.89,19.1,18.71,18.98,5617852
"2014-05-29",18.97,19.13,18.91,18.95,4297080
"2014-05-30",18.95,19.05,18.85,19,5977913
"2014-06-02",19.06,19.18,18.78,18.94,4537471
"2014-06-03",18.98,19,18.61,18.86,6080259
"2014-06-04",18.81,19.02,18.8,18.88,4030858
"2014-06-05",18.91,19.02,18.8,18.96,4717374
"2014-06-06",19.05,19.2,18.98,19.03,4026269
"2014-06-09",19.01,19.23,18.88,19.05,6186356
"2014-06-10",18.98,19.24,18.9,19.15,5440162
"2014-06-11",19.08,19.44,19.08,19.4,6655773
"2014-06-12",19.4,19.61,19.23,19.52,8429047
"2014-06-13",19.72,19.73,19.35,19.54,5696281
"2014-06-16",19.45,19.61,19.31,19.48,4965472
"2014-06-17",19.5,19.69,19.4,19.61,3940353
"2014-06-18",19.56,19.68,19.38,19.59,5388381
"2014-06-19",19.23,19.33,19,19.14,11864822
"2014-06-20",19.19,19.26,18.78,18.93,8828658
"2014-06-23",18.68,18.72,18.46,18.71,10355032
"2014-06-24",18.68,18.83,18.34,18.42,6894480
"2014-06-25",18.47,18.62,18.3,18.61,5385489
"2014-06-26",18.61,18.62,18.3,18.36,6422671
"2014-06-27",18.34,18.49,18.23,18.38,7570516
"2014-06-30",18.31,18.59,18.31,18.54,4514184
"2014-07-01",18.52,18.86,18.46,18.75,8029625
"2014-07-02",18.68,18.76,18.57,18.68,4482096
"2014-07-03",18.51,18.9,18.51,18.85,3422256
"2014-07-07",18.88,18.89,18.67,18.7,3187483
"2014-07-08",18.65,18.73,18.37,18.55,5550035
"2014-07-09",18.71,19.19,18.57,19.11,9691765
"2014-07-10",18.75,19.09,18.6,19,6657739
"2014-07-11",19.03,19.11,18.96,19.05,4780418
"2014-07-14",19.13,19.34,19.06,19.29,6815867
"2014-07-15",19.32,19.42,19.19,19.37,9885981
"2014-07-16",19.45,19.6,19.24,19.35,7993210
"2014-07-17",19.13,19.5,19.13,19.3,8122920
"2014-07-18",18.9,19.05,18.41,18.44,14196417
"2014-07-21",18.37,18.68,18.37,18.55,6084223
"2014-07-22",18.69,18.79,18.43,18.47,7470420
"2014-07-23",18.48,18.49,18.06,18.08,7433795
"2014-07-24",18.18,18.23,17.98,18.11,6364433
"2014-07-25",18.05,18.09,17.76,17.79,6653367
"2014-07-28",17.87,17.87,17.42,17.72,8258849
"2014-07-29",17.73,18.02,17.72,17.78,5449327
"2014-07-30",17.89,18.13,17.84,18.08,6155073
"2014-07-31",17.86,18,17.46,17.5,10047917
"2014-08-01",17.5,17.79,17.44,17.69,5497060
"2014-08-04",17.67,17.82,17.56,17.65,6043554
"2014-08-05",17.6,17.92,17.45,17.66,7458434
"2014-08-06",17.54,17.86,17.41,17.64,5586470
"2014-08-07",17.79,17.95,17.34,17.46,10200345
"2014-08-08",18.22,19.1,18.22,19,22366081
"2014-08-11",19.02,19.1,18.85,18.9,8615557
"2014-08-12",18.89,19,18.69,18.9,7403784
"2014-08-13",18.93,19.17,18.81,19.01,6414874
"2014-08-14",19.08,19.08,18.72,18.8,6399781
"2014-08-15",18.86,19.14,18.68,19.04,9249383
"2014-08-18",19.12,19.32,18.93,19.3,7102895
"2014-08-19",19.22,19.47,19.15,19.37,6206499
"2014-08-20",19.3,19.39,19.2,19.25,5536746
"2014-08-21",19.2,19.3,19.04,19.07,6819882
"2014-08-22",19.05,19.24,18.93,19.08,6280582
"2014-08-25",19.16,19.29,19.07,19.11,3834454
"2014-08-26",19.16,19.49,19.09,19.46,6740958
"2014-08-27",19.33,19.48,19.2,19.23,4574336
"2014-08-28",19.19,19.43,19.13,19.39,4492628
"2014-08-29",19.46,19.49,19.25,19.45,5198761
"2014-09-02",19.5,19.5,19.32,19.5,4815883
"2014-09-03",19.6,19.75,19.47,19.68,6486429
"2014-09-04",19.65,20.15,19.64,20.03,12295805
"2014-09-05",20.01,20.1,19.84,19.97,6344896
"2014-09-08",19.95,19.99,19.71,19.79,7982245
"2014-09-09",19.7,19.83,19.52,19.54,4964806
"2014-09-10",19.65,19.68,19.42,19.61,4309435
"2014-09-11",19.47,19.54,19.2,19.41,6267986
"2014-09-12",19.53,19.53,19.1,19.12,6563409
"2014-09-15",19.18,19.21,18.78,18.86,7353902
"2014-09-16",18.81,19.24,18.75,19.14,5498477
"2014-09-17",19.09,19.33,19,19.15,4339601
"2014-09-18",19.27,19.46,19.21,19.44,5490120
"2014-09-19",19.5,19.52,19.05,19.08,15033424
"2014-09-22",19.47,19.47,18.87,18.89,5536598
"2014-09-23",18.79,19.02,18.72,18.81,4903604
"2014-09-24",18.8,18.98,18.78,18.92,3989961
"2014-09-25",18.9,18.95,18.47,18.51,7460994
"2014-09-26",18.57,18.69,18.49,18.54,6029702
"2014-09-29",18.4,18.65,18.22,18.52,5213585
"2014-09-30",18.44,18.58,18.23,18.45,6930130
"2014-10-01",18.48,18.61,18.22,18.27,8775121
"2014-10-02",18.24,18.33,17.77,18.19,7224861
"2014-10-03",18.3,18.55,18.23,18.23,5978474
"2014-10-06",18.3,18.45,18,18.12,4975777
"2014-10-07",18.04,18.22,17.9,17.92,7547439
"2014-10-08",17.91,18.35,17.77,18.26,6504284
"2014-10-09",18.18,18.2,17.76,17.91,7674982
"2014-10-10",17.77,17.83,16.84,16.84,17284422
"2014-10-13",16.96,17.3,16.77,16.78,9940730
"2014-10-14",17.02,17.65,16.92,17.18,9415488
"2014-10-15",16.93,17.53,16.82,17.44,10110978
"2014-10-16",17.13,17.65,17.09,17.45,8777944
"2014-10-17",17.66,17.86,17.35,17.42,7268519
"2014-10-20",17.42,17.72,17.3,17.57,5008404
"2014-10-21",17.7,18.34,17.65,18.32,8778272
"2014-10-22",18.29,18.35,17.89,17.89,5987921
"2014-10-23",18.2,18.42,18.07,18.28,5367494
"2014-10-24",18.4,18.59,18.28,18.48,5254152
"2014-10-27",18.47,18.56,18.27,18.49,3627782
"2014-10-28",18.44,18.96,18.42,18.93,4814453
"2014-10-29",18.85,18.96,18.64,18.8,4208504
"2014-10-30",18.76,18.84,18.45,18.69,4256451
"2014-10-31",19.12,19.55,19.02,19.54,6408266
"2014-11-03",19.99,20.06,19.77,19.87,7719851
"2014-11-04",20,20.2,19.67,20.13,9004886
"2014-11-05",20.25,20.26,19.98,20.13,8391257
"2014-11-06",20.17,20.25,19.86,20.22,9852201
"2014-11-07",20.45,20.69,19.59,19.79,11269962
"2014-11-10",19.77,20.15,19.72,20.02,7334724
"2014-11-11",19.9,20.01,19.6,19.78,5325270
"2014-11-12",19.71,19.76,19.38,19.64,5114569
"2014-11-13",19.72,19.75,19.39,19.55,5633239
"2014-11-14",19.57,19.79,19.38,19.78,4006181
"2014-11-17",19.7,19.91,19.57,19.7,3968295
"2014-11-18",19.71,20.22,19.66,20.17,5194312
"2014-11-19",20.1,20.16,19.8,20.01,6007542
"2014-11-20",19.87,20.36,19.81,20.34,5524226
"2014-11-21",20.52,20.55,20.28,20.46,4974441
"2014-11-24",20.5,20.67,20.42,20.58,3400125
"2014-11-25",20.54,20.72,20.5,20.57,4756021
"2014-11-26",20.45,20.94,20.44,20.92,5481634
"2014-11-28",20.99,21.09,20.8,20.97,3120781
"2014-12-01",20.88,21,20.55,20.58,4751507
"2014-12-02",20.56,20.7,20.37,20.61,6148798
"2014-12-03",20.71,21.15,20.65,21.14,7111426
"2014-12-04",21.11,21.19,20.81,20.95,4665777
"2014-12-05",20.96,21.18,20.95,21.07,4142028
"2014-12-08",21.04,21.25,20.63,20.8,5676710
"2014-12-09",20.67,20.78,20.36,20.73,5986188
"2014-12-10",20.67,20.75,20.24,20.27,5117856
"2014-12-11",20.39,20.53,20.22,20.26,3391302
"2014-12-12",19.99,20.17,19.61,19.63,8103662
"2014-12-15",19.86,20.22,19.51,19.57,6367418
"2014-12-16",19.55,19.86,19.34,19.34,4632726
"2014-12-17",19.74,20.17,19.1,20.14,8639935
"2014-12-18",20.39,20.63,20.03,20.22,5653939
"2014-12-19",20.36,20.5,20.17,20.42,8138230
"2014-12-22",20.4,20.78,20.33,20.78,3724357
"2014-12-23",20.94,21.04,20.62,20.65,2731983
"2014-12-24",20.7,20.72,20.55,20.57,1141128
"2014-12-26",20.57,20.7,20.52,20.59,1316100
"2014-12-29",20.53,20.7,20.43,20.56,2083128
"2014-12-30",20.42,20.52,20.34,20.37,2803010
"2014-12-31",20.4,20.51,19.99,20.05,4157958
"2015-01-02",20.13,20.28,19.81,20.13,2842012
"2015-01-05",20.13,20.19,19.7,19.79,4948799
"2015-01-06",19.82,19.84,19.17,19.19,4944121
"2015-01-07",19.33,19.5,19.08,19.14,8045186
"2015-01-08",19.36,19.98,19.35,19.86,7094534
"2015-01-09",19.93,20.09,19.66,19.94,5238601
"2015-01-12",19.99,20,19.51,19.69,4768307
"2015-01-13",19.84,20.24,19.52,19.66,5917960
"2015-01-14",19.45,19.8,19.4,19.74,3881531
"2015-01-15",19.88,20,19.59,19.6,4723757
"2015-01-16",19.57,19.98,19.51,19.96,4537800
"2015-01-20",20.1,20.21,19.77,20.02,3507719
"2015-01-21",19.91,20.35,19.77,20.3,3619494
"2015-01-22",20.34,20.7,20.13,20.65,3992810
"2015-01-23",20.67,20.74,20.5,20.71,3010389
"2015-01-26",20.62,20.72,20.49,20.62,3331008
"2015-01-27",20.3,20.32,19.59,19.63,8948721
"2015-01-28",19.87,19.95,19.3,19.31,6818214
"2015-01-29",19.32,19.89,19.23,19.78,5883531
"2015-01-30",19.64,19.87,19.17,19.2,7454968
"2015-02-02",19.32,19.7,18.94,19.62,6490149
"2015-02-03",19.76,20.13,19.66,20.11,4586670
"2015-02-04",20.05,20.38,19.98,20.16,4537872
"2015-02-05",20.18,20.5,20.16,20.48,3511195
"2015-02-06",20.47,20.71,20.31,20.4,5263073
"2015-02-09",20.28,20.44,20.15,20.38,6849193
"2015-02-10",20.4,20.96,20.31,20.95,5655113
"2015-02-11",21,21,20.67,20.81,8020778
"2015-02-12",22,22.5,21.87,22.3,16922588
"2015-02-13",22.25,22.34,21.91,22.31,7752149
"2015-02-17",22.27,22.49,22.13,22.38,5083466
"2015-02-18",22.35,22.39,22.08,22.12,4273997
"2015-02-19",22.4,22.44,22.08,22.18,4235760
"2015-02-20",22.16,22.35,22,22.34,3943820
"2015-02-23",22.33,22.33,22.05,22.16,3125918
"2015-02-24",22.16,22.31,21.96,22.31,3733318
"2015-02-25",22.22,22.32,22.04,22.14,3095526
"2015-02-26",22.16,22.32,22.02,22.2,3821597
"2015-02-27",22.14,22.19,21.98,22.06,3937273
"2015-03-02",22,22.72,21.97,22.6,7537781
"2015-03-03",22.43,22.54,22.11,22.18,4008638
"2015-03-04",22.1,22.48,22.01,22.43,5670997
"2015-03-05",22.43,22.9,22.37,22.86,8076425
"2015-03-06",22.73,22.84,22.52,22.55,6434807
"2015-03-09",22.56,22.78,22.51,22.61,5559693
"2015-03-10",22.71,23.15,22.67,23,13180267
"2015-03-11",23,23.3,22.82,22.88,6552965
"2015-03-12",22.66,22.83,22.24,22.67,10174260
"2015-03-13",22.56,22.76,22.25,22.7,8982188
"2015-03-16",22.88,23.11,22.73,22.97,5923864
"2015-03-17",22.92,23.26,22.76,23.25,7498556
"2015-03-18",23.25,23.37,22.66,22.87,10346084
"2015-03-19",22.95,23.3,22.78,23.22,7768859
"2015-03-20",23.41,23.6,23.19,23.47,11552119
"2015-03-23",22.77,23.07,22.7,22.71,10650277
"2015-03-24",22.64,22.8,22.3,22.4,8262025
"2015-03-25",22.39,22.39,20.97,21.04,13563840
"2015-03-26",20.61,21.06,20.46,20.96,7797997
"2015-03-27",21.09,21.46,20.75,21.38,7957152
"2015-03-30",21.48,21.58,21.2,21.47,6331256
"2015-03-31",21.41,21.43,20.91,20.92,8931942
"2015-04-01",21.01,21.08,20.65,21.01,8269223
"2015-04-02",21.13,21.19,20.88,21.06,4805086
"2015-04-06",20.97,21.74,20.75,21.66,12896584
"2015-04-07",21.67,22.1,21.55,21.86,10349069
"2015-04-08",21.88,22.1,21.67,22.02,9160786
"2015-04-09",21.85,22.6,21.84,22.52,9485827
"2015-04-10",22.55,22.77,22.47,22.76,6468219
"2015-04-13",22.71,22.84,22.45,22.55,5918106
"2015-04-14",22.46,22.55,22.14,22.36,5506852
"2015-04-15",22.42,22.8,22.31,22.63,6088960
"2015-04-16",22.5,22.69,22.33,22.49,3882058
"2015-04-17",22.02,22.42,22.01,22.2,7340917
"2015-04-20",22.3,22.44,22.05,22.09,5790646
"2015-04-21",22.36,22.36,21.95,22.06,5761365
"2015-04-22",22.19,22.34,21.85,22.31,5185481
"2015-04-23",21.9,22.43,21.65,22.22,6484469
"2015-04-24",22.21,22.22,21.78,22.03,6023972
"2015-04-27",22.1,22.59,21.91,22.2,6211356
"2015-04-28",22.16,22.38,21.95,22.3,5862106
"2015-04-29",22.15,22.37,22.05,22.14,4878919
"2015-04-30",22.03,22.3,21.98,22.2,5471083
"2015-05-01",22.38,22.82,22.28,22.75,6424185
"2015-05-04",22.73,22.88,22.54,22.61,5018024
"2015-05-05",22.53,22.56,21.93,22.03,7323195
"2015-05-06",22.15,22.36,21.81,22.1,7912111
"2015-05-07",22.01,22.56,21.94,22.49,13364077
"2015-05-08",21.01,21.84,20.49,20.82,28663778
"2015-05-11",20.54,20.84,20.38,20.63,13603644
"2015-05-12",20.48,21,20.47,20.83,9719994
"2015-05-13",20.98,21.14,20.75,20.95,7713070
"2015-05-14",21.01,21.4,20.96,21.29,7326280
"2015-05-15",21.38,21.48,21.17,21.3,5395619
"2015-05-18",21.25,21.4,21.15,21.27,8124292
"2015-05-19",21.2,21.27,21,21.04,6345222
"2015-05-20",21.05,21.3,21.02,21.04,4920581
"2015-05-21",21.05,21.14,20.87,20.89,5992250
"2015-05-22",20.94,21.02,20.81,20.86,5315282
"2015-05-26",20.76,20.9,20.57,20.73,6493277
"2015-05-27",20.87,21.94,20.8,21.84,10808271
"2015-05-28",21.84,22.21,21.8,22.14,8191431
"2015-05-29",22.14,22.28,22.1,22.13,8379244
"2015-06-01",22.27,22.6,22.13,22.38,9316504
"2015-06-02",22.24,22.36,21.92,21.94,5607582
"2015-06-03",22,22.17,21.66,21.7,6269692
"2015-06-04",21.57,22.16,21.57,22.09,8092765
"2015-06-05",22.02,22.36,21.79,22.26,7833001
"2015-06-08",22.19,22.34,21.5,21.75,8570301
"2015-06-09",21.77,22.02,21.73,21.86,6422222
"2015-06-10",21.6,21.74,21.35,21.47,13236526
"2015-06-11",21.47,21.85,21.47,21.7,7076296
"2015-06-12",21.56,21.69,21.06,21.11,8093164
"2015-06-15",21,21.16,20.84,21.07,7663673
"2015-06-16",21.03,21.36,20.82,21.33,6422253
"2015-06-17",21.32,21.7,21.27,21.58,5838648
"2015-06-18",21.76,22.08,21.7,21.94,7485090
"2015-06-19",21.94,22.12,21.67,21.87,8891427
"2015-06-22",21.91,22.03,21.45,21.78,12855929
"2015-06-23",21.82,21.99,21.05,21.22,10351627
"2015-06-24",21.19,21.3,20.91,21.01,6334204
"2015-06-25",21.01,21.3,21.01,21.17,8761548
"2015-06-26",21,21.17,20.65,20.74,10532373
"2015-06-29",20.5,20.71,20.09,20.12,9793096
"2015-06-30",20.24,20.33,19.97,20.11,7897857
"2015-07-01",20.61,20.9,20.22,20.4,7573001
"2015-07-02",20.39,20.55,20.29,20.42,3644115
"2015-07-06",20.25,20.53,20.02,20.17,5369413
"2015-07-07",20.05,20.13,19.16,19.79,14856327
"2015-07-08",19.68,19.8,19.49,19.65,8312287
"2015-07-09",19.96,20.05,19.29,19.41,8939745
"2015-07-10",19.66,19.93,19.61,19.75,5417717
"2015-07-13",19.95,19.99,19.74,19.88,5311791
"2015-07-14",19.91,19.93,19.63,19.89,6230429
"2015-07-15",19.84,19.97,19.57,19.75,6643348
"2015-07-16",19.87,20.19,19.8,20.19,7072291
"2015-07-17",20.12,20.14,19.81,20.07,5509308
"2015-07-20",20.07,20.15,19.65,19.7,4710259
"2015-07-21",19.66,20.07,19.66,19.79,3743010
"2015-07-22",19.65,19.65,19.17,19.4,8911819
"2015-07-23",19.45,19.94,19.41,19.65,4247872
"2015-07-24",19.79,19.81,19.34,19.42,4721099
"2015-07-27",19.25,19.53,19.09,19.31,4810520
"2015-07-28",19.36,19.86,19.16,19.73,4957733
"2015-07-29",19.69,20.13,19.61,19.97,5817033
"2015-07-30",19.92,20.22,19.92,20.02,4754479
"2015-07-31",20.1,20.11,19.83,19.95,5459211
"2015-08-03",20.11,20.31,19.85,20.29,9928278
"2015-08-04",20.22,20.43,20.14,20.37,6502514
"2015-08-05",20.87,20.89,20.54,20.58,5865652
"2015-08-06",20.53,20.68,20.11,20.45,16391890
"2015-08-07",22.46,23.37,21.88,22.98,35131171
"2015-08-10",22.82,23.95,22.68,23.78,16557636
"2015-08-11",23.43,23.89,23.43,23.66,10875209
"2015-08-12",23.28,23.89,23.28,23.72,9602012
"2015-08-13",23.75,23.8,23.46,23.52,6922146
"2015-08-14",23.5,23.68,23.36,23.54,5366261
"2015-08-17",23.5,23.5,23.1,23.39,6846973
"2015-08-18",23.22,23.38,22.9,23.08,7177055
"2015-08-19",23.05,23.3,22.74,22.99,6231842
"2015-08-20",22.73,22.84,22.05,22.16,10638943
"2015-08-21",22,22.37,21.45,21.47,9506756
"2015-08-24",20.27,21.83,20,20.71,17016414
"2015-08-25",21.62,21.7,20.28,20.28,15531089
"2015-08-26",20.94,21.83,20.78,21.81,15283021
"2015-08-27",22.04,22.64,21.91,22.63,11551930
"2015-08-28",22.63,22.87,22.46,22.73,8009538
"2015-08-31",22.62,22.78,22.38,22.48,5459384
"2015-09-01",21.83,22.2,21.4,21.56,8733351
"2015-09-02",22.15,22.22,21.78,22.21,8511951
"2015-09-03",22.54,22.65,22.23,22.27,6554478
"2015-09-04",21.89,22.24,21.74,21.75,7183388
"2015-09-08",22.28,22.77,22.19,22.68,5933662
"2015-09-09",22.75,22.94,22.18,22.23,7226508
"2015-09-10",22.1,22.86,22,22.58,8921920
"2015-09-11",22.33,22.8,22.24,22.65,7485827
"2015-09-14",22.76,22.83,22.57,22.69,4811456
"2015-09-15",22.7,23.06,22.63,22.94,8177926
"2015-09-16",22.9,23.23,22.72,23.1,4332792
"2015-09-17",23.5,23.71,23.26,23.31,6691741
"2015-09-18",22.99,23.49,22.85,23.29,8123940
"2015-09-21",23.32,23.58,23.2,23.53,7045984
"2015-09-22",23.02,23.18,22.76,22.89,5623340
"2015-09-23",22.91,23.14,22.82,23,4023474
"2015-09-24",22.86,23.68,22.5,23.44,9545241
"2015-09-25",23.73,24.07,23.38,23.61,9234997
"2015-09-28",23.61,23.76,23.15,23.3,9797501
"2015-09-29",23.55,23.75,23.22,23.71,9514850
"2015-09-30",23.93,24.68,23.79,24.65,13859844
"2015-10-01",24.65,24.72,23.47,24.17,12206381
"2015-10-02",24.04,24.8,23.79,24.8,9604832
"2015-10-05",24.96,25.73,24.83,25.42,12011947
"2015-10-06",25.15,25.86,25.05,25.75,11330424
"2015-10-07",25.81,26.28,25.39,26.02,7720463
"2015-10-08",25.91,26.24,25.47,26.17,11492610
"2015-10-09",26.03,26.28,25.58,26.07,10559527
"2015-10-12",26.1,26.5,25.9,26.35,5685687
"2015-10-13",26.14,26.56,26.05,26.4,7434291
"2015-10-14",26.43,27.78,26.4,27.36,15303697
"2015-10-15",27.41,27.99,27.13,27.43,13146529
"2015-10-16",27.52,28.12,27.45,27.86,11184459
"2015-10-19",27.95,28.08,27.49,27.81,7367780
"2015-10-20",27.54,27.9,27.48,27.77,6610693
"2015-10-21",27.94,28.11,27.36,27.41,9657006
"2015-10-22",27.73,28.49,27.69,28.4,7658201
"2015-10-23",28.65,28.78,28.22,28.59,9523346
"2015-10-26",28.61,28.68,28.2,28.46,6097555
"2015-10-27",28.32,28.62,28.3,28.44,5199571
"2015-10-28",28.62,28.67,28.2,28.67,5422280
"2015-10-29",28.21,28.5,27.63,27.68,8176344
"2015-10-30",27.98,28.57,27.77,28.37,7508091
"2015-11-02",28.46,28.73,28.29,28.7,4723360
"2015-11-03",28.53,28.69,28.18,28.5,9410339
"2015-11-04",28.42,28.63,27.9,28.03,11050167
"2015-11-05",28.17,28.24,27.63,27.71,11513691
"2015-11-06",30.45,31.94,29.82,31.55,29267955
"2015-11-09",31.24,31.5,30.97,31.41,12311145
"2015-11-10",31,31.17,30.15,30.81,13747118
"2015-11-11",30.83,31.05,30.4,30.51,15497382
"2015-11-12",30.44,30.72,30.27,30.4,7140739
"2015-11-13",30.43,30.56,29.65,29.8,7308834
"2015-11-16",30.19,30.42,29.95,30.4,8557489
"2015-11-17",30.48,30.66,30.27,30.4,6396702
"2015-11-18",30.41,31.07,30.08,31.03,8714619
"2015-11-19",31.14,31.43,30.89,31.12,6348230
"2015-11-20",31.35,31.57,31.16,31.39,5988389
"2015-11-23",31.65,31.65,30.8,30.92,6045467
"2015-11-24",30.92,31.44,30.78,31.17,4870136
"2015-11-25",31.11,31.48,31.02,31.13,3457476
"2015-11-27",31.19,31.49,31.03,31.39,2175202
"2015-11-30",31.42,31.86,31.39,31.72,7924913
"2015-12-01",32,32.78,31.97,32.75,10219062
"2015-12-02",32.8,33.14,32.43,32.5,7348275
"2015-12-03",32.76,33.1,32.27,32.43,6166405
"2015-12-04",32.43,33.81,32.43,33.75,11468924
"2015-12-07",33.74,33.74,33.01,33.11,8339679
"2015-12-08",32.7,33.7,32.49,33.56,7862233
"2015-12-09",33.55,33.75,32.37,32.71,9316871
"2015-12-10",32.81,33.16,32.7,32.98,5914923
"2015-12-11",32.65,32.88,32.42,32.49,5683038
"2015-12-14",32.52,32.75,32.18,32.57,6897348
"2015-12-15",32.94,33.2,32.76,32.97,7682354
"2015-12-16",33.04,33.28,32.75,33.17,5908874
"2015-12-17",33.22,33.56,32.65,32.67,6354044
"2015-12-18",32.44,32.77,32.1,32.14,9897424
"2015-12-21",32.49,32.93,32.2,32.9,7105373
"2015-12-22",33,33.26,32.73,32.93,3250269
"2015-12-23",32.98,33.18,32.92,33.06,3063139
"2015-12-24",32.96,33.25,32.91,33.17,1311231
"2015-12-28",32.82,33.14,32.36,33.14,3550703
"2015-12-29",33.16,33.78,33.07,33.68,5091512
"2015-12-30",33.65,33.94,33.38,33.39,4508570
"2015-12-31",33.34,33.49,32.96,32.96,3713202
"2016-01-04",32.29,32.58,32.04,32.37,8908292
"2016-01-05",32.98,33.44,32.5,32.89,12256814
"2016-01-06",32.35,32.5,31.16,31.53,11233604
"2016-01-07",30.74,30.95,29.88,30.28,16132575
"2016-01-08",30.67,30.7,29.56,29.63,9961782
"2016-01-11",29.66,29.89,29.15,29.68,10235095
"2016-01-12",30.21,30.62,29.97,30.18,11733893
"2016-01-13",30.41,30.61,29.23,29.26,11955635
"2016-01-14",28.66,29,27.82,28.67,14981799
"2016-01-15",27.52,27.85,26.64,27.11,20981136
"2016-01-19",27.67,28.45,27.22,27.33,11265058
"2016-01-20",26.81,27.83,26.45,27.48,12002091
"2016-01-21",27.78,28.23,27.21,27.8,12033833
"2016-01-22",28.33,28.64,28.27,28.45,6449854
"2016-01-25",28.44,28.76,28.36,28.42,6745174
"2016-01-26",28.48,28.82,28.18,28.7,5698599
"2016-01-27",28.66,28.74,27.82,28.36,5759612
"2016-01-28",28.59,28.69,27.5,28.05,6919436
"2016-01-29",28.29,29.34,28.18,29.29,7727534
"2016-02-01",29.26,29.45,29.01,29.3,7226290
"2016-02-02",29,29.15,27.86,28.06,8498235
"2016-02-03",28.28,28.45,27.55,28.2,8169251
"2016-02-04",28.24,28.85,27.93,28.21,8684591
"2016-02-05",28.02,28.33,26.35,26.43,14921402
"2016-02-08",26.03,26.16,24.85,25.22,15184526
"2016-02-09",24.92,26.55,24.8,25.49,10572721
"2016-02-10",25.65,26.39,25.29,25.43,8385313
"2016-02-11",24.78,25.56,24.78,25.3,8479059
"2016-02-12",25.7,25.78,24.75,25.73,8624136
"2016-02-16",26.1,27.03,26.02,26.99,11359221
"2016-02-17",27.33,27.92,27.22,27.66,17886519
"2016-02-18",29.93,30.98,29.9,30.04,26680920
"2016-02-19",29.88,30.71,29.65,30.44,13130969
"2016-02-22",30.88,31.87,30.82,31.52,11230687
"2016-02-23",31.27,31.9,31.12,31.6,9215096
"2016-02-24",31.47,31.87,30.6,31.82,8416834
"2016-02-25",31.94,32.05,31.32,31.89,8727851
"2016-02-26",32.04,32.12,31.36,31.68,8991138
"2016-02-29",31.61,32.02,31.34,31.36,8069592
"2016-03-01",31.44,32.75,31.39,32.75,8704970
"2016-03-02",32.57,33.06,32.51,32.94,5845254
"2016-03-03",32.9,33.04,32.21,32.65,7544389
"2016-03-04",32.9,32.93,32.3,32.55,4371182
"2016-03-07",32.37,32.59,31.92,32.34,5999169
"2016-03-08",32.01,32.2,31.64,31.75,6710807
"2016-03-09",32.03,32.08,31.32,31.73,5562261
"2016-03-10",31.92,32.1,31.04,31.68,7135555
"2016-03-11",32.15,32.23,31.77,32.22,6932335
"2016-03-14",32.07,32.43,31.92,32.3,4757764
"2016-03-15",32.13,32.34,31.57,32.14,5655420
"2016-03-16",31.9,33.21,31.75,33.1,9061899
"2016-03-17",32.98,33.14,32.37,32.82,8836179
"2016-03-18",33.21,34.25,33,33.81,13615437
"2016-03-21",33.51,33.92,33.15,33.91,8438917
"2016-03-22",33.8,34.08,33.43,33.85,6042927
"2016-03-23",34,34.68,33.85,34.43,10699146
"2016-03-24",34.12,34.54,34.01,34.48,6117136
"2016-03-28",34.42,34.98,34.38,34.83,6274789
"2016-03-29",34.68,35.47,34.6,35.39,6543353
"2016-03-30",35.52,36.25,35.5,35.76,9404684
"2016-03-31",35.92,36,35.35,35.63,9467053
"2016-04-01",35.41,36.17,35.14,36.15,8696260
"2016-04-04",36.45,36.64,35.66,35.8,9844571
"2016-04-05",35.48,36.08,35.34,35.75,8482659
"2016-04-06",35.3,35.82,34.63,35.8,11321227
"2016-04-07",35.57,35.89,35.28,35.43,9357024
"2016-04-08",35.72,35.95,35.3,35.66,6394370
"2016-04-11",35.87,36.47,35.76,35.88,9688098
"2016-04-12",36,36.05,35.14,35.84,7313569
"2016-04-13",36,36.75,36,36.74,8763641
"2016-04-14",36.64,37,36.49,36.84,10409771
"2016-04-15",36.83,37.46,36.71,37.13,10914835
"2016-04-18",37.06,37.06,36.61,36.97,7680574
"2016-04-19",37.11,37.18,36.08,36.31,7718858
"2016-04-20",36.25,36.67,36.21,36.45,5004273
"2016-04-21",36.46,36.63,36.25,36.41,4447613
"2016-04-22",36.53,36.78,36.14,36.27,5575547
"2016-04-25",36.28,36.65,36.18,36.45,4799339
"2016-04-26",36.67,37.09,36.32,36.48,5354104
"2016-04-27",36.39,37.33,36.32,37.31,8804008
"2016-04-28",37.08,37.3,36.11,36.2,9528878
"2016-04-29",36.05,36.13,35.14,35.53,8022750
"2016-05-02",35.87,36.22,35.7,36,6396047
"2016-05-03",35.59,35.74,35.26,35.57,5588254
"2016-05-04",35.14,35.17,34.4,34.76,13133115
"2016-05-05",35.05,35.38,34.71,34.97,6160567
"2016-05-06",34.91,35.42,34.84,35.33,4576107
"2016-05-09",35.42,35.57,34.99,35.28,8311957
"2016-05-10",35.5,36.02,35.16,35.96,6712128
"2016-05-11",36.07,36.46,35.87,36.06,8163478
"2016-05-12",36.32,36.48,34.93,35.57,15802258
"2016-05-13",39.19,41,39,40.98,52726259
"2016-05-16",40.67,42.8,40.54,42.19,24296913
"2016-05-17",42,42.58,41.46,42.28,15308935
"2016-05-18",42,43.85,42,43.36,13518718
"2016-05-19",43.19,43.86,43.13,43.55,9967211
"2016-05-20",43.82,44.51,43.75,44.33,9762966
"2016-05-23",44.52,44.69,44.13,44.4,10324111
"2016-05-24",44.42,45.5,44.3,45.36,10361854
"2016-05-25",45.5,45.69,44.81,45.17,11451891
"2016-05-26",45.25,45.98,45.12,45.65,7726229
"2016-05-27",45.7,45.97,45.55,45.9,6931835
"2016-05-31",46.1,46.82,46.07,46.72,10313131
"2016-06-01",46.5,47.26,46.36,46.81,9678267
"2016-06-02",47.06,47.54,46.6,47.14,8230202
"2016-06-03",46.68,46.74,45.66,46.48,11526864
"2016-06-06",46.6,46.96,46,46.24,8062841
"2016-06-07",46.52,46.78,46.31,46.33,4835017
"2016-06-08",46.34,46.51,45.8,46.18,5865431
"2016-06-09",46.02,47.45,45.92,47.38,11804167
"2016-06-10",46.82,47.24,46.14,46.2,10000592
"2016-06-13",46.25,47.7,46.25,46.79,11889674
"2016-06-14",46.68,47.1,46.16,46.88,7458639
"2016-06-15",47.27,47.77,46.75,47.36,7525868
"2016-06-16",47.01,47.63,46.55,47.55,6161428
"2016-06-17",47.61,47.62,46.53,46.72,11775048
"2016-06-20",47.47,48.17,47.44,47.56,7344230
"2016-06-21",47.76,47.89,47.2,47.27,5312661
"2016-06-22",47.37,47.68,47.15,47.23,5065516
"2016-06-23",47.68,48.54,47.65,48.49,7446994
"2016-06-24",46.5,47.36,45.3,45.73,25442111
"2016-06-27",45.35,45.7,44.57,45.24,11258487
"2016-06-28",46.1,46.15,45.27,45.9,9547980
"2016-06-29",46.3,47.01,46.18,46.65,7973264
"2016-06-30",46.73,47.3,46.35,47.01,10773475
"2016-07-01",46.75,47.36,46.5,46.66,5462198
"2016-07-05",46.4,47.43,46.03,47.35,9277061
"2016-07-06",47.02,47.92,46.78,47.65,6827594
"2016-07-07",47.97,49.06,47.75,48.89,9884992
"2016-07-08",49.41,51.09,49.22,50.85,12048273
"2016-07-11",51.58,52.4,51.52,52.02,11219437
"2016-07-12",52.6,53.28,51.94,52.8,10919045
"2016-07-13",52.9,53.2,52.7,52.78,8115130
"2016-07-14",53.06,53.8,52.62,53.32,7922283
"2016-07-15",52.64,52.94,51.84,52.7,10715357
"2016-07-18",53.35,53.43,52.77,52.97,6324838
"2016-07-19",52.94,53.73,52.84,53.52,9566250
"2016-07-20",53.7,54.5,53.48,54.22,7411502
"2016-07-21",54.1,54.27,53.04,53.22,9032697
"2016-07-22",53.41,54.67,53.02,54.67,7894165
"2016-07-25",55,55.81,54.76,55.68,7813211
"2016-07-26",56.17,56.92,56.09,56.63,12862739
"2016-07-27",57.12,57.22,55.72,56.06,11166886
"2016-07-28",56.19,56.6,56.01,56.18,5547934
"2016-07-29",56.39,57.25,55.38,57.1,10239664
"2016-08-01",57.34,57.55,56.36,56.73,7527970
"2016-08-02",57,57.03,55.5,56.04,7068720
"2016-08-03",55.97,56.3,55.66,56.19,7495709
"2016-08-04",56.46,57.49,56.35,57.23,6817803
"2016-08-05",57.89,58.23,57.61,58.2,9289735
"2016-08-08",59,59.14,58.12,58.74,7626603
"2016-08-09",59.03,59.46,58.74,58.89,9308559
"2016-08-10",59.41,59.5,58.32,58.51,9393453
"2016-08-11",58.82,59.95,58.7,59.7,17026556
"2016-08-12",61.9,63.38,60.63,63.04,35643642
"2016-08-15",63.11,63.5,62.13,62.98,14332617
"2016-08-16",62.89,62.99,62.41,62.6,7191345
"2016-08-17",62.6,62.74,60.66,61.15,14880304
"2016-08-18",61.06,62.2,60.82,62.1,8292095
"2016-08-19",62.07,62.73,61.8,62.26,7288978
"2016-08-22",62.45,62.61,61.71,62.52,6118683
"2016-08-23",63.04,63.32,62.73,62.91,8494058
"2016-08-24",63.13,63.16,61.65,61.94,7461244
"2016-08-25",61.96,61.99,60.76,61.53,10150783
"2016-08-26",61.69,62.38,61.2,62.03,7500624
"2016-08-29",62.28,62.53,61.88,61.99,6866279
"2016-08-30",61.91,62.24,61.46,61.63,7138622
"2016-08-31",61.75,61.92,61.16,61.34,9713642
"2016-09-01",61.39,63.38,61.34,63.15,10712305
"2016-09-02",63.28,63.35,61.82,62.53,8078742
"2016-09-06",62.75,63.12,62.43,63.12,7670320
"2016-09-07",62.92,63.23,61.83,62.19,9949700
"2016-09-08",62.13,62.74,61.42,62.64,7895219
"2016-09-09",61.95,62.3,59,59.52,17443966
"2016-09-12",58.73,60.86,57.32,60.75,14956524
"2016-09-13",60.6,61.3,59.53,59.87,11794183
"2016-09-14",60.01,60.6,59.51,60.4,7984326
"2016-09-15",60.5,62.76,60.36,62.69,12884799
"2016-09-16",62.91,63.25,62.12,62.84,22561149
"2016-09-19",63.5,65.26,63.21,63.67,10428207
"2016-09-20",64.4,64.4,62.74,63.09,8277832
"2016-09-21",63.28,64.98,63.27,64.86,8405337
"2016-09-22",65.24,65.44,64.65,65.02,7718287
"2016-09-23",65.1,65.29,64.66,64.95,6903344
"2016-09-26",64.21,64.6,63.53,64.34,5751035
"2016-09-27",64.09,66.64,64.06,66.54,10068769
"2016-09-28",66.64,66.83,65.93,66.78,7994701
"2016-09-29",66.67,67.61,66.05,67.4,8417136
"2016-09-30",67.77,69.19,67.37,68.52,10748304
"2016-10-03",68.52,69.51,68.33,68.45,6064853
"2016-10-04",68.55,69.7,67.79,68.3,7040645
"2016-10-05",68.88,69.58,68.02,68.23,7636009
"2016-10-06",67.41,67.83,66.26,67.34,9005317
"2016-10-07",67.79,67.97,66.66,66.85,7156502
"2016-10-10",67.2,67.56,66.47,67.1,7196868
"2016-10-11",66.88,66.98,65.62,66.13,9713476
"2016-10-12",65.86,66.78,65.31,66.43,10498025
"2016-10-13",65.65,65.8,63.7,65.35,9752910
"2016-10-14",66.15,66.6,65.6,65.99,8265851
"2016-10-17",65.98,66.6,65.52,65.61,4883160
"2016-10-18",66.52,66.99,66.25,66.61,6734274
"2016-10-19",66.16,66.78,65.82,66.47,4976462
"2016-10-20",67.25,67.95,66.3,67.73,7802072
"2016-10-21",67.49,67.66,66.9,67.54,6987654
"2016-10-24",68,70.79,67.99,70.71,8495946
"2016-10-25",70.59,72.3,70.25,71.87,9936532
"2016-10-26",71.27,72.95,71.2,72.16,8344781
"2016-10-27",72.71,72.85,70.38,70.68,9716622
"2016-10-28",71.02,72.1,70.43,70.56,7271374
"2016-10-31",70.79,71.62,70.75,71.16,6309718
"2016-11-01",71.42,71.81,68.29,69.05,11830629
"2016-11-02",69.58,70.52,68.64,68.76,7396231
"2016-11-03",69.08,69.14,66.64,67.96,7741593
"2016-11-04",67.51,68.73,66.58,67.57,8219490
"2016-11-07",69.55,71.72,69.5,71.27,12189524
"2016-11-08",71.54,71.77,70.5,71.16,10747107
"2016-11-09",69.23,70.9,68.72,69.96,11413254
"2016-11-10",71.49,71.5,66.76,67.77,21732039
"2016-11-11",79.51,88.77,78.5,87.97,54383633
"2016-11-14",88.09,88.19,83.62,83.64,33719913
"2016-11-15",84.29,87.45,83.93,86.19,15652258
"2016-11-16",87.34,92.56,86.35,91.63,24699644
"2016-11-17",92.31,94.79,90.65,92.39,20824744
"2016-11-18",92.39,94.33,91.8,93.36,14401499
"2016-11-21",94.09,94.35,92.4,92.98,10910868
"2016-11-22",93.3,93.74,92.38,93.65,8259232
"2016-11-23",93.72,95.25,92.77,93.97,11080857
"2016-11-25",94.42,95.1,93.41,94.16,4889078
"2016-11-28",93.87,94.74,93.6,94.11,6968370
"2016-11-29",94,94.44,92.53,93.25,11114187
"2016-11-30",93.6,94.16,92.1,92.2,11012545
"2016-12-01",92.1,92.17,84.77,87.64,25888074
"2016-12-02",86.25,88.8,85.12,88.45,11957300
"2016-12-05",89.99,92.61,89,91.88,15057125
"2016-12-06",92.21,93.73,91.57,93.39,12469875
"2016-12-07",92.84,95.3,92.1,95.07,12020093
"2016-12-08",95.19,96.62,93.05,93.48,9538602
"2016-12-09",94.2,94.27,90.71,91.82,9557799
"2016-12-12",89.85,89.95,87.54,89.59,15033300
"2016-12-13",90.09,92.29,90.05,91.17,9694874
"2016-12-14",92.54,97.11,91.57,96.45,24599538
"2016-12-15",96.9,99.94,96.6,98.71,18663653
"2016-12-16",99.83,100.7,97.73,100.41,27238183
"2016-12-19",99.7,102.45,99,101.63,18616431
"2016-12-20",104.58,106.13,104.12,105.17,21201433
"2016-12-21",105.64,105.95,103.71,105.83,14403361
"2016-12-22",106.82,108.87,106.53,107.11,17965259
"2016-12-23",106.38,109.84,106.27,109.78,16192331
"2016-12-27",112.06,117.36,111.22,117.32,29856842
"2016-12-28",119.6,119.93,108.69,109.25,57394116
"2016-12-29",104.9,111.49,102.8,111.43,54384182
"2016-12-30",111.35,111.92,106.3,106.74,30323259
"2017-01-03",104.4,106.37,99.38,102.01,37549876
"2017-01-04",103.4,105.5,101.53,104.39,29980506
"2017-01-05",104.53,105.82,101.05,101.74,24607382
"2017-01-06",102.85,104.25,101.2,103.1,20571416
"2017-01-09",103.5,108,103.5,107.28,22906225
"2017-01-10",107.81,109.19,105.63,106.47,22022969
"2017-01-11",106,106.2,104.15,105.16,13141588
"2017-01-12",104.23,104.7,101.62,103.44,15640414
"2017-01-13",103.6,105,103.06,103.43,11445543
"2017-01-17",103,103.2,100.57,101.11,14515259
"2017-01-18",100.24,103.23,99.11,102.95,16360615
"2017-01-19",103.07,106.46,102.98,105.16,16121778
"2017-01-20",106.08,106.8,103.12,104.01,12300557
"2017-01-23",103.8,105.9,103.7,105.09,9247639
"2017-01-24",105.5,107.58,104.9,107.33,10701271
"2017-01-25",109.05,109.3,106.33,107.79,13084499
"2017-01-26",107.9,109.95,106.7,109.65,11469970
"2017-01-27",109.93,111.89,108.85,111.77,11799929
"2017-01-30",110.92,111.01,107.91,110.02,12400084
"2017-01-31",108.95,110.05,108.2,109.18,9068865
"2017-02-01",110.58,114.12,109.86,113.95,14750082
"2017-02-02",113.3,115.74,112.06,115.39,12081040
"2017-02-03",115.45,115.9,113.9,114.38,9318633
"2017-02-06",114,117.33,114,117.31,12669205
"2017-02-07",118.7,120.92,117.9,119.13,18655567
"2017-02-08",118.4,119.31,116.38,118.61,11239487
"2017-02-09",118.86,119.06,115.6,116.38,21064178
"2017-02-10",119.93,120.7,112.6,113.62,41277341
"2017-02-13",113.39,113.98,108.2,108.38,29518071
"2017-02-14",107.99,110.15,106.29,108.78,21265787
"2017-02-15",108.9,109.8,107.76,109,9325512
"2017-02-16",109.39,109.44,105.66,107.25,16179386
"2017-02-17",106.7,107.41,104.79,107.23,14093465
"2017-02-21",108.23,111.23,108.22,111.07,13798783
"2017-02-22",111.42,111.8,109.99,110.76,10844256
"2017-02-23",105.5,106.39,99.68,100.49,39822213
"2017-02-24",97.07,102,95.7,101.46,25747597
"2017-02-27",102.2,105.02,101.56,104.41,17885019
"2017-02-28",104.8,105.2,100.78,101.48,15633968
"2017-03-01",103.79,104.37,101.11,102.79,12620139
"2017-03-02",102.27,102.84,98.89,99,18858278
"2017-03-03",98.57,98.77,96.22,98.43,21636424
"2017-03-06",96.96,98.1,95.17,97.67,22089169
"2017-03-07",97.67,99.53,97.15,98.74,15085007
"2017-03-08",100.7,101.3,98.47,98.56,15967822
"2017-03-09",97.91,99.45,97.4,98.54,11951471
"2017-03-10",99.61,100.09,98.38,99.12,12493513
"2017-03-13",99.54,102.25,99.51,101.85,19353402
"2017-03-14",102.37,102.75,100.47,101.78,13050415
"2017-03-15",102.25,102.99,100.32,102.55,15375852
"2017-03-16",102.98,103.83,102.41,103.81,13077495
"2017-03-17",104.52,106.12,103.81,106.07,27992169
"2017-03-20",106.78,109.61,106.13,109.45,18714152
"2017-03-21",108.75,109.96,105.58,105.91,22837103
"2017-03-22",105.46,108.26,105.3,108.07,15419106
"2017-03-23",107.75,108.56,106.7,107.09,13348542
"2017-03-24",108.97,109.29,106.42,107.47,10987546
"2017-03-27",105.58,108.4,103.58,108.25,12666100
"2017-03-28",108.3,108.89,107.27,107.69,10811109
"2017-03-29",107.99,108.49,107.25,107.34,8749791
"2017-03-30",107.63,110,107.4,109.4,13138349
"2017-03-31",109.01,109.89,108.4,108.93,11020165
"2017-04-03",108.95,109.65,107.42,108.38,11130813
"2017-04-04",103.4,104.42,100.34,100.78,31782004
"2017-04-05",100.02,102.37,99.5,100.03,18676232
"2017-04-06",100.24,101.25,98.41,100.76,15878004
"2017-04-07",101.02,101.73,99.72,100.33,10726650
"2017-04-10",100.36,100.63,97.6,97.77,18908264
"2017-04-11",96.55,98.9,96.35,98.12,15453747
"2017-04-12",98.12,98.7,97.1,97.31,10352296
"2017-04-13",96.33,97.21,95.49,95.49,12672345
"2017-04-17",96.01,99.24,95.8,99.23,12432305
"2017-04-18",98.65,99.54,97.6,99.29,9252944
"2017-04-19",100,100.98,99.41,99.68,9520659
"2017-04-20",100.27,101.45,99.41,101.26,10100358
"2017-04-21",100.84,101.79,100.36,101.68,8547390
"2017-04-24",102.96,103.48,102.11,102.95,9295490
"2017-04-25",103.54,105.33,102.67,104.74,9710972
"2017-04-26",105.29,105.39,103.94,104.02,8175145
"2017-04-27",104.32,105.98,103.59,105.64,7992465
"2017-04-28",105.36,105.64,104.07,104.3,8706157
"2017-05-01",104.74,106.85,104.45,106.64,7693333
"2017-05-02",105.55,105.6,102.56,103.48,15749327
"2017-05-03",103.2,104.64,102.6,104.25,8422633
"2017-05-04",104.5,104.95,103.53,103.85,5244692
"2017-05-05",103.38,104.15,102.75,103.86,5710736
"2017-05-08",104.34,104.4,102.31,102.77,9130990
"2017-05-09",103,104.93,102.66,102.94,21191792
"2017-05-10",114.29,121.82,114.02,121.29,53227434
"2017-05-11",120.05,130.43,119.91,126.5,48494808
"2017-05-12",126.63,129.6,125.78,127.89,24065459
"2017-05-15",129.56,134.41,129.38,134.31,27188548
"2017-05-16",136.38,137.44,133.36,136.81,28017471
"2017-05-17",134.1,134.86,127.55,127.72,31784158
"2017-05-18",129.5,133.43,127.05,133.07,28900757
"2017-05-19",137.02,138.22,135.22,136,25459271
"2017-05-22",137.77,139.48,137.33,138.9,20915225
"2017-05-23",139.7,139.79,135.71,137.03,17031247
"2017-05-24",140.96,141.07,138.08,138.57,20434495
"2017-05-25",140,140.03,136.44,138.26,15205701
"2017-05-26",137.93,145.28,137.11,141.84,19478497
"2017-05-30",143.7,146.29,143.05,144.87,24741298
"2017-05-31",146.69,147,142.05,144.35,22182894
"2017-06-01",144.99,145.03,142.52,144.36,12583467
"2017-06-02",144.24,145.3,143.4,143.64,12186434
"2017-06-05",142.98,148.53,142.51,148.01,20434442
"2017-06-06",147.82,149.69,146.8,147.34,18968189
"2017-06-07",148.33,149.88,147.7,149.12,15315293
"2017-06-08",153.46,160,151.79,159.94,29043605
"2017-06-09",164.74,168.5,142.75,149.6,92323196
"2017-06-12",145.88,151.7,142.11,149.97,42438280
"2017-06-13",154.4,154.77,145.65,151.4,41551741
